   1.918411000000000E-02,   1.939011000000000E-02
   2.112198000000000E-02,   1.642227000000000E-02
   2.214050000000000E-02,   1.329803000000000E-02
   2.256584000000000E-02,   1.019478000000000E-02
   2.218056000000000E-02,   0.726891000000000E-02
   2.161026000000000E-02,   0.439644000000000E-02
   2.019501000000000E-02,   0.207710000000000E-02
   1.824760000000000E-02,   0.024033000000000E-02
   1.630974000000000E-02,  -9.670258000000000E-04
   1.416302000000000E-02,  -1.650810000000000E-03
   1.188564000000000E-02,  -1.598358000000000E-03
   9.807587000000000E-03,  -1.029968000000000E-03
   7.832527000000000E-03,   0.242233000000000E-03
   6.635189000000000E-03,   1.876354000000000E-03
   5.793095000000000E-03,   4.101753000000000E-03
   5.554676000000000E-03,   6.395340000000000E-03
   5.928993000000000E-03,   8.872032000000000E-03
   7.152557000000000E-03,   1.104259000000000E-02
   9.151459000000000E-03,   1.315975000000000E-02
   1.154232000000000E-02,   1.482010000000000E-02
   1.463509000000000E-02,   1.583481000000000E-02
   1.816177000000000E-02,   1.623154000000000E-02
   2.183533000000000E-02,   1.567459000000000E-02
   2.548981000000000E-02,   1.439476000000000E-02
   2.933502000000000E-02,   1.221466000000000E-02
   3.240204000000000E-02,   0.903320000000000E-02
   3.507233000000000E-02,   0.524902000000000E-02
   3.717041000000000E-02,   0.063705000000000E-02
   3.809738000000000E-02,  -4.650116000000000E-03
   3.807831000000000E-02,  -1.009369000000000E-02
   3.694916000000000E-02,  -1.593018000000000E-02
   3.461838000000000E-02,  -2.134705000000000E-02
   3.101158000000000E-02,  -2.666855000000000E-02
   2.652359000000000E-02,  -3.142166000000000E-02
   2.104187000000000E-02,  -3.532410000000000E-02
   1.465607000000000E-02,  -3.802872000000000E-02
   0.765228000000000E-02,  -3.962326000000000E-02
   0.009918000000000E-02,  -3.989029000000000E-02
  -7.194519000000000E-03,  -3.871536000000000E-02
  -1.453781000000000E-02,  -3.615189000000000E-02
  -2.135849000000000E-02,  -3.210068000000000E-02
  -2.732468000000000E-02,  -2.682686000000000E-02
  -3.240204000000000E-02,  -2.052307000000000E-02
  -3.628540000000000E-02,  -1.314545000000000E-02
  -3.881836000000000E-02,  -5.172729000000000E-03
  -3.950882000000000E-02,   0.292206000000000E-02
  -3.891754000000000E-02,   1.132965000000000E-02
  -3.690338000000000E-02,   1.956177000000000E-02
  -3.329468000000000E-02,   2.713394000000000E-02
  -2.840424000000000E-02,   3.390121000000000E-02
  -2.243042000000000E-02,   3.957748000000000E-02
  -1.542282000000000E-02,   4.406738000000000E-02
  -8.132935000000000E-03,   4.715729000000000E-02
  -1.640320000000000E-04,   4.895782000000000E-02
   0.773621000000000E-02,   4.912186000000000E-02
   1.546097000000000E-02,   4.773331000000000E-02
   2.250290000000000E-02,   4.539871000000000E-02
   2.891541000000000E-02,   4.168320000000000E-02
   3.431702000000000E-02,   3.689575000000000E-02
   3.847504000000000E-02,   3.171539000000000E-02
   4.156876000000000E-02,   2.611923000000000E-02
   4.341125000000000E-02,   1.998901000000000E-02
   4.421997000000000E-02,   1.378632000000000E-02
   4.376602000000000E-02,   0.798798000000000E-02
   4.221344000000000E-02,   0.251770000000000E-02
   3.978729000000000E-02,  -2.044678000000000E-03
   3.675461000000000E-02,  -5.752563000000000E-03
   3.322220000000000E-02,  -8.560181000000000E-03
   2.947807000000000E-02,  -1.061821000000000E-02
   2.563858000000000E-02,  -1.150513000000000E-02
   2.197456000000000E-02,  -1.153183000000000E-02
   1.879120000000000E-02,  -1.097679000000000E-02
   1.602554000000000E-02,  -9.630203000000000E-03
   1.399040000000000E-02,  -7.588387000000000E-03
   1.253319000000000E-02,  -5.435944000000000E-03
   1.185608000000000E-02,  -3.153801000000000E-03
   1.198673000000000E-02,  -9.117126000000000E-04
   1.291466000000000E-02,   0.983238000000000E-03
   1.443481000000000E-02,   2.858162000000000E-03
   1.618004000000000E-02,   0.397873000000000E-02
   1.849556000000000E-02,   0.455666000000000E-02
   2.092171000000000E-02,   0.457382000000000E-02
   2.311325000000000E-02,   0.367546000000000E-02
   2.544212000000000E-02,   0.228119000000000E-02
   2.737427000000000E-02,   0.030899000000000E-02
   2.910042000000000E-02,  -2.237320000000000E-03
   3.013039000000000E-02,  -5.327225000000000E-03
   3.064537000000000E-02,  -8.504868000000000E-03
   3.041840000000000E-02,  -1.200485000000000E-02
   2.946091000000000E-02,  -1.571655000000000E-02
   2.784157000000000E-02,  -1.899529000000000E-02
   2.547646000000000E-02,  -2.233315000000000E-02
   2.253342000000000E-02,  -2.511215000000000E-02
   1.898193000000000E-02,  -2.747345000000000E-02
   1.511002000000000E-02,  -2.933693000000000E-02
   1.089287000000000E-02,  -3.034782000000000E-02
   0.628471000000000E-02,  -3.088379000000000E-02
   0.171661000000000E-02,  -3.048706000000000E-02
  -3.026962000000000E-03,  -2.943802000000000E-02
  -7.553101000000000E-03,  -2.765274000000000E-02
  -1.168442000000000E-02,  -2.488327000000000E-02
  -1.543236000000000E-02,  -2.155304000000000E-02
  -1.870155000000000E-02,  -1.773834000000000E-02
  -2.161789000000000E-02,  -1.331902000000000E-02
  -2.337837000000000E-02,  -8.266449000000000E-03
  -2.472687000000000E-02,  -2.986908000000000E-03
  -2.501106000000000E-02,   0.246811000000000E-02
  -2.463531000000000E-02,   0.796890000000000E-02
  -2.307129000000000E-02,   1.350784000000000E-02
  -2.067757000000000E-02,   1.891708000000000E-02
  -1.763344000000000E-02,   2.372360000000000E-02
  -1.386833000000000E-02,   2.832794000000000E-02
  -9.059906000000000E-03,   3.204727000000000E-02
  -3.997803000000000E-03,   3.519058000000000E-02
   0.181961000000000E-02,   3.726959000000000E-02
   0.785065000000000E-02,   3.859329000000000E-02
   1.418686000000000E-02,   3.870773000000000E-02
   2.042389000000000E-02,   3.821182000000000E-02
   2.635956000000000E-02,   3.628159000000000E-02
   3.244019000000000E-02,   3.352737000000000E-02
   3.741074000000000E-02,   2.980042000000000E-02
   4.208374000000000E-02,   2.511978000000000E-02
   4.581451000000000E-02,   1.998138000000000E-02
   4.848862000000000E-02,   1.420975000000000E-02
   5.033493000000000E-02,   0.798035000000000E-02
   5.092621000000000E-02,   0.169373000000000E-02
   5.059433000000000E-02,  -4.688263000000000E-03
   4.909134000000000E-02,  -1.068878000000000E-02
   4.643631000000000E-02,  -1.628113000000000E-02
   4.310989000000000E-02,  -2.123642000000000E-02
   3.898621000000000E-02,  -2.548981000000000E-02
   3.420258000000000E-02,  -2.877426000000000E-02
   2.882195000000000E-02,  -3.116989000000000E-02
   2.358627000000000E-02,  -3.241348000000000E-02
   1.839828000000000E-02,  -3.260803000000000E-02
   1.345062000000000E-02,  -3.175354000000000E-02
   0.879669000000000E-02,  -3.027725000000000E-02
   0.489998000000000E-02,  -2.770615000000000E-02
   0.159454000000000E-02,  -2.473068000000000E-02
  -8.678436000000000E-04,  -2.104759000000000E-02
  -2.126694000000000E-03,  -1.737404000000000E-02
  -2.751350000000000E-03,  -1.374817000000000E-02
  -2.337456000000000E-03,  -1.030636000000000E-02
  -1.123905000000000E-03,  -7.225990000000000E-03
   0.549793000000000E-03,  -4.694939000000000E-03
   2.999544000000000E-03,  -2.784014000000000E-03
   5.455017000000000E-03,  -1.922131000000000E-03
   8.300781000000000E-03,  -1.569748000000000E-03
   1.097298000000000E-02,  -2.195358000000000E-03
   1.333904000000000E-02,  -3.835678000000000E-03
   1.494122000000000E-02,  -5.972862000000000E-03
   1.611328000000000E-02,  -8.689880000000000E-03
   1.638985000000000E-02,  -1.163864000000000E-02
   1.580811000000000E-02,  -1.492882000000000E-02
   1.425171000000000E-02,  -1.804161000000000E-02
   1.175880000000000E-02,  -2.092171000000000E-02
   0.864792000000000E-02,  -2.342033000000000E-02
   0.487328000000000E-02,  -2.503967000000000E-02
   0.039482000000000E-02,  -2.572632000000000E-02
  -4.581451000000000E-03,  -2.552032000000000E-02
  -9.450912000000000E-03,  -2.430153000000000E-02
  -1.416397000000000E-02,  -2.209091000000000E-02
  -1.852989000000000E-02,  -1.873398000000000E-02
  -2.231407000000000E-02,  -1.415253000000000E-02
  -2.515411000000000E-02,  -9.071350000000000E-03
  -2.724075000000000E-02,  -3.314972000000000E-03
  -2.799797000000000E-02,   0.317383000000000E-02
  -2.764320000000000E-02,   0.987434000000000E-02
  -2.593613000000000E-02,   1.652718000000000E-02
  -2.295303000000000E-02,   2.278328000000000E-02
  -1.872063000000000E-02,   2.836037000000000E-02
  -1.354599000000000E-02,   3.339767000000000E-02
  -7.320404000000000E-03,   3.747559000000000E-02
  -3.890991000000000E-04,   4.045105000000000E-02
   0.702286000000000E-02,   4.211044000000000E-02
   1.432037000000000E-02,   4.236984000000000E-02
   2.195740000000000E-02,   4.115677000000000E-02
   2.929688000000000E-02,   3.871918000000000E-02
   3.612137000000000E-02,   3.487396000000000E-02
   4.217148000000000E-02,   3.023529000000000E-02
   4.743576000000000E-02,   2.416611000000000E-02
   5.118561000000000E-02,   1.746368000000000E-02
   5.400848000000000E-02,   1.036453000000000E-02
   5.547333000000000E-02,   0.282288000000000E-02
   5.572128000000000E-02,  -4.718781000000000E-03
   5.446625000000000E-02,  -1.230240000000000E-02
   5.208588000000000E-02,  -1.953125000000000E-02
   4.833984000000000E-02,  -2.585220000000000E-02
   4.393387000000000E-02,  -3.165054000000000E-02
   3.845215000000000E-02,  -3.649139000000000E-02
   3.242493000000000E-02,  -4.021072000000000E-02
   2.576447000000000E-02,  -4.278183000000000E-02
   1.908112000000000E-02,  -4.410172000000000E-02
   1.218033000000000E-02,  -4.437256000000000E-02
   0.587082000000000E-02,  -4.323196000000000E-02
  -7.247925000000000E-05,  -4.111481000000000E-02
  -5.699158000000000E-03,  -3.824234000000000E-02
  -1.031876000000000E-02,  -3.443146000000000E-02
  -1.424789000000000E-02,  -2.996254000000000E-02
  -1.708794000000000E-02,  -2.516365000000000E-02
  -1.887512000000000E-02,  -2.005196000000000E-02
