1
  -1.833916000000000E-03,  -9.717941000000000E-03
  -7.637978000000000E-03,  -1.033878000000000E-02
  -1.361656000000000E-02,  -7.487297000000000E-03
  -1.811981000000000E-02,  -1.945496000000000E-03
  -1.952362000000000E-02,   0.548172000000000E-02
  -1.715660000000000E-02,   1.307678000000000E-02
  -1.137161000000000E-02,   1.922798000000000E-02
  -3.299713000000000E-03,   2.193069000000000E-02
   0.547981000000000E-02,   2.075958000000000E-02
   1.290131000000000E-02,   1.577377000000000E-02
   1.710701000000000E-02,   0.808716000000000E-02
   1.725769000000000E-02,  -9.307861000000000E-04
   1.342869000000000E-02,  -8.521080000000000E-03
   6.548882000000000E-03,  -1.373577000000000E-02
  -1.663208000000000E-03,  -1.498508000000000E-02
  -9.316444000000000E-03,  -1.244068000000000E-02
  -1.479912000000000E-02,  -6.825447000000000E-03
  -1.675034000000000E-02,   0.036049000000000E-02
  -1.523876000000000E-02,   7.403374000000000E-03
  -1.072216000000000E-02,   1.265049000000000E-02
  -4.609108000000000E-03,   1.491737000000000E-02
   1.646042000000000E-03,   1.412773000000000E-02
   6.486893000000000E-03,   1.025963000000000E-02
   8.728027000000000E-03,   4.664421000000000E-03
   8.022308000000000E-03,  -1.165390000000000E-03
   4.430771000000000E-03,  -5.975246000000000E-03
  -1.162529000000000E-03,  -8.504868000000000E-03
  -7.533073000000000E-03,  -7.895470000000000E-03
  -1.311207000000000E-02,  -4.376411000000000E-03
  -1.665306000000000E-02,   0.161362000000000E-02
  -1.685905000000000E-02,   0.885773000000000E-02
  -1.383018000000000E-02,   1.607895000000000E-02
  -7.408142000000000E-03,   2.156258000000000E-02
   0.071144000000000E-02,   2.354431000000000E-02
   0.961685000000000E-02,   2.195930000000000E-02
   1.710701000000000E-02,   1.622772000000000E-02
   2.144623000000000E-02,   0.764656000000000E-02
   2.189445000000000E-02,  -2.582550000000000E-03
   1.768875000000000E-02,  -1.226425000000000E-02
   0.936317000000000E-02,  -1.925659000000000E-02
  -1.344681000000000E-03,  -2.204132000000000E-02
  -1.261711000000000E-02,  -1.988983000000000E-02
  -2.171707000000000E-02,  -1.273727000000000E-02
  -2.692223000000000E-02,  -2.199173000000000E-03
  -2.677917000000000E-02,   0.950813000000000E-02
  -2.157974000000000E-02,   2.002335000000000E-02
  -1.209450000000000E-02,   2.685547000000000E-02
  -7.801056000000000E-04,   2.849388000000000E-02
   0.966072000000000E-02,   2.476692000000000E-02
   1.706123000000000E-02,   1.660728000000000E-02
   1.941490000000000E-02,   0.627899000000000E-02
   1.657677000000000E-02,  -3.921509000000000E-03
   8.921623000000000E-03,  -1.114655000000000E-02
  -1.235008000000000E-03,  -1.360893000000000E-02
  -1.124859000000000E-02,  -1.062202000000000E-02
  -1.844215000000000E-02,  -2.931595000000000E-03
  -2.095413000000000E-02,   0.771332000000000E-02
  -1.799774000000000E-02,   1.816177000000000E-02
  -1.016426000000000E-02,   2.626801000000000E-02
   0.076485000000000E-02,   2.977943000000000E-02
   1.232910000000000E-02,   2.763748000000000E-02
   2.181435000000000E-02,   2.063370000000000E-02
   2.699852000000000E-02,   0.982285000000000E-02
   2.687836000000000E-02,  -2.346039000000000E-03
   2.159309000000000E-02,  -1.297188000000000E-02
   1.214218000000000E-02,  -2.035713000000000E-02
   0.056076000000000E-02,  -2.281189000000000E-02
  -1.070976000000000E-02,  -2.001762000000000E-02
  -1.983070000000000E-02,  -1.308060000000000E-02
  -2.484131000000000E-02,  -3.065109000000000E-03
  -2.520943000000000E-02,   0.769615000000000E-02
  -2.120781000000000E-02,   1.735878000000000E-02
  -1.383591000000000E-02,   2.420807000000000E-02
  -4.673004000000000E-03,   2.699471000000000E-02
   0.448036000000000E-02,   2.621460000000000E-02
   1.178169000000000E-02,   2.142143000000000E-02
   1.645660000000000E-02,   1.445389000000000E-02
   1.728439000000000E-02,   0.639534000000000E-02
   1.477528000000000E-02,  -9.927750000000000E-04
   9.059906000000000E-03,  -6.110191000000000E-03
   1.466751000000000E-03,  -8.074760000000000E-03
  -5.804062000000000E-03,  -6.107807000000000E-03
  -1.148415000000000E-02,  -8.716583000000000E-04
  -1.406479000000000E-02,   6.945610000000000E-03
  -1.250935000000000E-02,   1.523018000000000E-02
  -7.169724000000000E-03,   2.235413000000000E-02
   0.134850000000000E-02,   2.617264000000000E-02
   1.146698000000000E-02,   2.576828000000000E-02
   2.065659000000000E-02,   2.065659000000000E-02
   2.676201000000000E-02,   1.145363000000000E-02
   2.818489000000000E-02,  -2.555847000000000E-04
   2.422714000000000E-02,  -1.170921000000000E-02
   1.537514000000000E-02,  -2.064514000000000E-02
   0.277328000000000E-02,  -2.480698000000000E-02
  -1.023483000000000E-02,  -2.315521000000000E-02
  -2.174377000000000E-02,  -1.559830000000000E-02
  -2.894783000000000E-02,  -3.805161000000000E-03
  -3.032875000000000E-02,   1.003838000000000E-02
  -2.545929000000000E-02,   2.300453000000000E-02
  -1.576614000000000E-02,   3.250504000000000E-02
  -3.166199000000000E-03,   3.688049000000000E-02
   0.960922000000000E-02,   3.556824000000000E-02
   2.014732000000000E-02,   2.877045000000000E-02
   2.656746000000000E-02,   1.883888000000000E-02
   2.772141000000000E-02,   0.761032000000000E-02
   2.419662000000000E-02,  -1.962662000000000E-03
   1.713943000000000E-02,  -8.529663000000000E-03
   8.445740000000000E-03,  -1.111221000000000E-02
   0.444412000000000E-03,  -9.239197000000000E-03
  -5.295753000000000E-03,  -4.238605000000000E-03
  -7.604122000000000E-03,   2.643585000000000E-03
  -6.424904000000000E-03,   9.271622000000000E-03
  -2.243996000000000E-03,   1.408958000000000E-02
   0.393677000000000E-02,   1.620865000000000E-02
   1.041889000000000E-02,   1.513863000000000E-02
   1.564217000000000E-02,   1.089668000000000E-02
   1.845169000000000E-02,   0.462914000000000E-02
   1.802826000000000E-02,  -3.044128000000000E-03
   1.432228000000000E-02,  -9.804726000000000E-03
   7.411003000000000E-03,  -1.477337000000000E-02
  -1.493454000000000E-03,  -1.677322000000000E-02
  -1.118946000000000E-02,  -1.445293000000000E-02
  -1.966095000000000E-02,  -8.193970000000000E-03
  -2.507973000000000E-02,   0.168419000000000E-02
  -2.626991000000000E-02,   1.359749000000000E-02
  -2.235413000000000E-02,   2.592278000000000E-02
  -1.368332000000000E-02,   3.585815000000000E-02
  -6.637573000000000E-04,   4.204559000000000E-02
   1.390457000000000E-02,   4.225922000000000E-02
   2.790833000000000E-02,   3.635788000000000E-02
   3.836060000000000E-02,   2.509689000000000E-02
   4.349899000000000E-02,   1.038742000000000E-02
   4.174042000000000E-02,  -5.413055000000000E-03
   3.361130000000000E-02,  -1.858902000000000E-02
   2.066422000000000E-02,  -2.698898000000000E-02
   0.561714000000000E-02,  -2.869225000000000E-02
  -8.155823000000000E-03,  -2.333260000000000E-02
  -1.738739000000000E-02,  -1.309013000000000E-02
  -2.045441000000000E-02,  -2.288818000000000E-05
  -1.701736000000000E-02,   1.243591000000000E-02
  -8.058548000000000E-03,   2.087593000000000E-02
   0.341415000000000E-02,   2.345276000000000E-02
   1.435661000000000E-02,   1.974297000000000E-02
   2.140808000000000E-02,   1.086807000000000E-02
   2.283287000000000E-02,  -6.103516000000000E-04
   1.796341000000000E-02,  -1.122665000000000E-02
   0.757217000000000E-02,  -1.841164000000000E-02
  -5.477905000000000E-03,  -1.935387000000000E-02
  -1.795006000000000E-02,  -1.337433000000000E-02
  -2.647781000000000E-02,  -1.661301000000000E-03
  -2.900696000000000E-02,   1.306343000000000E-02
  -2.452850000000000E-02,   2.797508000000000E-02
  -1.379013000000000E-02,   3.990173000000000E-02
   0.110245000000000E-02,   4.595947000000000E-02
   1.714325000000000E-02,   4.524994000000000E-02
   3.150558000000000E-02,   3.844452000000000E-02
   4.147339000000000E-02,   2.631378000000000E-02
   4.593277000000000E-02,   1.202393000000000E-02
   4.435730000000000E-02,  -2.380371000000000E-03
   3.767776000000000E-02,  -1.408386000000000E-02
   2.766991000000000E-02,  -2.191162000000000E-02
   1.642418000000000E-02,  -2.502251000000000E-02
   0.582314000000000E-02,  -2.369118000000000E-02
  -2.418518000000000E-03,  -1.917839000000000E-02
  -7.808685000000000E-03,  -1.263237000000000E-02
  -9.853363000000000E-03,  -5.530357000000000E-03
  -9.722710000000000E-03,   0.686646000000000E-03
  -7.446289000000000E-03,   5.705833000000000E-03
  -4.083633000000000E-03,   8.967400000000000E-03
  -6.008148000000000E-04,   1.062107000000000E-02
   2.354622000000000E-03,   1.034355000000000E-02
   4.542351000000000E-03,   9.407043000000000E-03
   5.435944000000000E-03,   7.779121000000000E-03
   5.115986000000000E-03,   6.285191000000000E-03
   3.890038000000000E-03,   5.642414000000000E-03
   2.087593000000000E-03,   6.284714000000000E-03
   0.421524000000000E-03,   8.332253000000000E-03
  -3.805161000000000E-04,   1.182652000000000E-02
   0.032234000000000E-02,   1.599693000000000E-02
   0.356102000000000E-02,   2.059174000000000E-02
   0.878334000000000E-02,   2.391052000000000E-02
   1.600266000000000E-02,   2.556801000000000E-02
   2.410126000000000E-02,   2.420235000000000E-02
   3.189087000000000E-02,   1.964188000000000E-02
   3.801346000000000E-02,   1.193237000000000E-02
   4.100418000000000E-02,   0.187302000000000E-02
   4.035950000000000E-02,  -9.315491000000000E-03
   3.565979000000000E-02,  -1.969147000000000E-02
   2.696419000000000E-02,  -2.793694000000000E-02
   1.565170000000000E-02,  -3.263474000000000E-02
   0.338745000000000E-02,  -3.316498000000000E-02
  -8.064270000000000E-03,  -2.880287000000000E-02
  -1.723480000000000E-02,  -2.090836000000000E-02
  -2.287102000000000E-02,  -1.014137000000000E-02
  -2.410698000000000E-02,   0.142479000000000E-02
  -2.097702000000000E-02,   1.231384000000000E-02
  -1.414108000000000E-02,   2.075768000000000E-02
  -5.300522000000000E-03,   2.591515000000000E-02
   0.453186000000000E-02,   2.704239000000000E-02
   1.324463000000000E-02,   2.442169000000000E-02
   1.921463000000000E-02,   1.892090000000000E-
STAR50STOP500POIN201