  -9.114075000000000E-02,  -7.878113000000000E-02
  -1.264343000000000E-01,   0.027313000000000E-01
  -9.808350000000000E-02,   8.374786000000000E-02
  -2.880859000000000E-02,   1.244354000000000E-01
   4.512787000000000E-02,   1.156769000000000E-01
   9.741211000000000E-02,   7.025909000000000E-02
   1.177597000000000E-01,   0.668335000000000E-02
   1.021805000000000E-01,  -6.076813000000000E-02
   4.818726000000000E-02,  -1.133728000000000E-01
  -3.497314000000000E-02,  -1.253662000000000E-01
  -1.141586000000000E-01,  -7.727051000000000E-02
  -1.429291000000000E-01,   0.162659000000000E-01
  -1.000137000000000E-01,   1.050491000000000E-01
  -1.271057000000000E-02,   1.387177000000000E-01
   6.520844000000000E-02,   1.100006000000000E-01
   1.018677000000000E-01,   4.975128000000000E-02
   1.002884000000000E-01,  -7.942200000000000E-03
   7.743835000000000E-02,  -5.303192000000000E-02
   3.627777000000000E-02,  -8.627319000000000E-02
  -2.407837000000000E-02,  -9.410095000000000E-02
  -8.396149000000000E-02,  -5.917358000000000E-02
  -1.069031000000000E-01,   1.168060000000000E-02
  -7.575226000000000E-02,   7.998657000000000E-02
  -9.223938000000000E-03,   1.090546000000000E-01
   5.510712000000000E-02,   8.885956000000000E-02
   8.880615000000000E-02,   3.808594000000000E-02
   8.656311000000000E-02,  -1.605988000000000E-02
   5.836868000000000E-02,  -5.642319000000000E-02
   1.531982000000000E-02,  -7.749939000000000E-02
  -3.641510000000000E-02,  -7.511139000000000E-02
  -8.622742000000000E-02,  -3.925323000000000E-02
  -1.062775000000000E-01,   3.135681000000000E-02
  -6.851959000000000E-02,   1.078186000000000E-01
   0.198822000000000E-01,   1.399689000000000E-01
   1.108398000000000E-01,   9.899902000000000E-02
   1.481781000000000E-01,   0.056915000000000E-01
   1.140060000000000E-01,  -8.464813000000000E-02
   0.366516000000000E-01,  -1.288910000000000E-01
  -4.533386000000000E-02,  -1.221771000000000E-01
  -1.117554000000000E-01,  -7.614136000000000E-02
  -1.492004000000000E-01,   0.043030000000000E-01
  -1.313629000000000E-01,   1.054077000000000E-01
  -4.446411000000000E-02,   1.819153000000000E-01
   0.820465000000000E-01,   1.841125000000000E-01
   1.831970000000000E-01,   0.988007000000000E-01
   2.037506000000000E-01,  -3.335571000000000E-02
   1.359558000000000E-01,  -1.447144000000000E-01
   0.191040000000000E-01,  -1.880188000000000E-01
  -9.513855000000000E-02,  -1.540833000000000E-01
  -1.659851000000000E-01,  -6.359863000000000E-02
  -1.727905000000000E-01,   0.495148000000000E-01
  -1.128540000000000E-01,   1.464844000000000E-01
  -6.591797000000000E-03,   1.914368000000000E-01
   1.076355000000000E-01,   1.638794000000000E-01
   1.837311000000000E-01,   0.730743000000000E-01
   1.892853000000000E-01,  -4.672241000000000E-02
   1.194611000000000E-01,  -1.450500000000000E-01
   0.046082000000000E-01,  -1.777496000000000E-01
  -1.024323000000000E-01,  -1.318359000000000E-01
  -1.536865000000000E-01,  -3.399658000000000E-02
  -1.351624000000000E-01,   0.672455000000000E-01
  -6.648254000000000E-02,   1.327057000000000E-01
   0.211029000000000E-01,   1.475525000000000E-01
   1.008682000000000E-01,   1.136322000000000E-01
   1.500092000000000E-01,   0.405884000000000E-01
   1.492920000000000E-01,  -5.213928000000000E-02
   0.893860000000000E-01,  -1.307373000000000E-01
  -1.216125000000000E-02,  -1.557770000000000E-01
  -1.092224000000000E-01,  -1.075897000000000E-01
  -1.510468000000000E-01,  -7.400513000000000E-03
  -1.187592000000000E-01,   9.333038000000000E-02
  -3.533936000000000E-02,   1.482086000000000E-01
   0.585632000000000E-01,   1.429291000000000E-01
   1.309204000000000E-01,   0.889282000000000E-01
   1.643372000000000E-01,   0.035095000000000E-01
   1.439514000000000E-01,  -9.487915000000000E-02
   0.600433000000000E-01,  -1.692200000000000E-01
  -6.533813000000000E-02,  -1.742554000000000E-01
  -1.705322000000000E-01,  -8.894348000000000E-02
  -1.928864000000000E-01,   0.499725000000000E-01
  -1.182861000000000E-01,   1.696167000000000E-01
   0.121918000000000E-01,   2.131348000000000E-01
   1.373444000000000E-01,   1.704102000000000E-01
   2.123871000000000E-01,   0.656433000000000E-01
   2.158356000000000E-01,  -6.211853000000000E-02
   1.455688000000000E-01,  -1.731110000000000E-01
   0.178528000000000E-01,  -2.250977000000000E-01
  -1.212463000000000E-01,  -1.893921000000000E-01
  -2.134857000000000E-01,  -7.139587000000000E-02
  -2.121735000000000E-01,   0.825043000000000E-01
  -1.136475000000000E-01,   2.034302000000000E-01
   0.379181000000000E-01,   2.354889000000000E-01
   1.743927000000000E-01,   1.674347000000000E-01
   2.372589000000000E-01,   0.338593000000000E-01
   2.082062000000000E-01,  -1.039581000000000E-01
   1.088104000000000E-01,  -1.932373000000000E-01
  -1.841736000000000E-02,  -2.095337000000000E-01
  -1.303406000000000E-01,  -1.535339000000000E-01
  -1.920319000000000E-01,  -4.254150000000000E-02
  -1.750793000000000E-01,   0.878754000000000E-01
  -7.965088000000000E-02,   1.822968000000000E-01
   0.554962000000000E-01,   1.945038000000000E-01
   1.648712000000000E-01,   1.186371000000000E-01
   1.994476000000000E-01,  -4.257202000000000E-03
   1.523590000000000E-01,  -1.149902000000000E-01
   0.551147000000000E-01,  -1.704407000000000E-01
  -4.899597000000000E-02,  -1.603851000000000E-01
  -1.274261000000000E-01,  -9.658813000000000E-02
  -1.579132000000000E-01,   0.010986000000000E-01
  -1.251831000000000E-01,   1.026459000000000E-01
  -3.277588000000000E-02,   1.677399000000000E-01
   0.855255000000000E-01,   1.607666000000000E-01
   1.765594000000000E-01,   0.770721000000000E-01
   1.924133000000000E-01,  -4.917908000000000E-02
   1.227264000000000E-01,  -1.573639000000000E-01
   0.003662000000000E-01,  -1.956787000000000E-01
  -1.158905000000000E-01,  -1.499329000000000E-01
  -1.796875000000000E-01,  -4.617310000000000E-02
  -1.729126000000000E-01,   0.740967000000000E-01
  -9.692383000000000E-02,   1.725006000000000E-01
   0.290527000000000E-01,   2.122040000000000E-01
   1.640472000000000E-01,   1.654053000000000E-01
   2.464905000000000E-01,   0.364075000000000E-01
   2.287140000000000E-01,  -1.238251000000000E-01
   1.098633000000000E-01,  -2.396088000000000E-01
  -5.670166000000000E-02,  -2.544250000000000E-01
  -1.944733000000000E-01,  -1.645660000000000E-01
  -2.490845000000000E-01,  -1.306152000000000E-02
  -2.055206000000000E-01,   1.386108000000000E-01
  -8.422852000000000E-02,   2.373352000000000E-01
   0.734711000000000E-01,   2.499084000000000E-01
   2.124634000000000E-01,   1.667938000000000E-01
   2.782593000000000E-01,   0.143433000000000E-01
   2.397156000000000E-01,  -1.504974000000000E-01
   1.073608000000000E-01,  -2.616272000000000E-01
  -6.692505000000000E-02,  -2.690430000000000E-01
  -2.089691000000000E-01,  -1.670990000000000E-01
  -2.562866000000000E-01,  -1.342773000000000E-03
  -1.923676000000000E-01,   1.525574000000000E-01
  -5.455017000000000E-02,   2.316284000000000E-01
   0.947723000000000E-01,   2.144623000000000E-01
   2.028656000000000E-01,   1.188049000000000E-01
   2.376709000000000E-01,  -1.913452000000000E-02
   1.862640000000000E-01,  -1.537933000000000E-01
   0.625916000000000E-01,  -2.335205000000000E-01
  -8.767700000000000E-02,  -2.206421000000000E-01
  -1.969604000000000E-01,  -1.152954000000000E-01
  -2.139587000000000E-01,   0.326385000000000E-01
  -1.372070000000000E-01,   1.529541000000000E-01
  -1.000977000000000E-02,   1.985168000000000E-01
   1.138611000000000E-01,   1.615295000000000E-01
   1.907806000000000E-01,   0.626068000000000E-01
   1.972046000000000E-01,  -6.292725000000000E-02
   1.276245000000000E-01,  -1.717224000000000E-01
   0.012512000000000E-01,  -2.187500000000000E-01
  -1.334686000000000E-01,  -1.756744000000000E-01
  -2.143250000000000E-01,  -5.351257000000000E-02
  -1.979523000000000E-01,   0.961609000000000E-01
  -8.840942000000000E-02,   2.025146000000000E-01
   0.621643000000000E-01,   2.154541000000000E-01
   1.868896000000000E-01,   1.336517000000000E-01
   2.371521000000000E-01,  -3.585815000000000E-03
   1.983643000000000E-01,  -1.433105000000000E-01
   0.856018000000000E-01,  -2.383270000000000E-01
  -6.762695000000000E-02,  -2.506409000000000E-01
  -2.055359000000000E-01,  -1.669617000000000E-01
  -2.663269000000000E-01,  -7.568359000000000E-03
  -2.131805000000000E-01,   1.607056000000000E-01
  -6.350708000000000E-02,   2.592773000000000E-01
   1.138153000000000E-01,   2.441864000000000E-01
   2.431641000000000E-01,   1.262207000000000E-01
   2.767639000000000E-01,  -4.138184000000000E-02
   2.087097000000000E-01,  -1.956329000000000E-01
   0.651550000000000E-01,  -2.839661000000000E-01
  -1.054077000000000E-01,  -2.744751000000000E-01
  -2.424011000000000E-01,  -1.656036000000000E-01
  -2.884827000000000E-01,   0.072632000000000E-01
  -2.195892000000000E-01,   1.752930000000000E-01
  -6.231689000000000E-02,   2.645874000000000E-01
   1.131897000000000E-01,   2.404022000000000E-01
   2.344208000000000E-01,   1.182556000000000E-01
   2.585449000000000E-01,  -4.714966000000000E-02
   1.828918000000000E-01,  -1.906738000000000E-01
   0.404358000000000E-01,  -2.619019000000000E-01
  -1.152954000000000E-01,  -2.360687000000000E-01
  -2.249298000000000E-01,  -1.239929000000000E-01
  -2.456055000000000E-01,   0.306244000000000E-01
  -1.680603000000000E-01,   1.648407000000000E-01
  -2.754211000000000E-02,   2.221375000000000E-01
   1.152344000000000E-01,   1.823120000000000E-01
   2.018890000000000E-01,   0.666351000000000E-01
   2.002258000000000E-01,  -7.467651000000000E-02
   1.146393000000000E-01,  -1.836548000000000E-01
  -1.788330000000000E-02,  -2.182465000000000E-01
  -1.435699000000000E-01,  -1.662140000000000E-01
  -2.120514000000000E-01,  -4.838562000000000E-02
  -1.950073000000000E-01,   0.872650000000000E-01
  -9.805298000000000E-02,   1.855164000000000E-01
   0.400696000000000E-01,   2.055969000000000E-01
   1.644897000000000E-01,   1.357880000000000E-01
   2.216034000000000E-01,   0.014954000000000E-01
   1.831207000000000E-01,  -1.430206000000000E-01
   0.603333000000000E-01,  -2.339935000000000E-01
  -9.362793000000000E-02,  -2.308502000000000E-01
  -2.141418000000000E-01,  -1.334229000000000E-01
  -2.518921000000000E-01,   0.174561000000000E-01
  -1.921997000000000E-01,   1.627350000000000E-01
  -5.554199000000000E-02,   2.458191000000000E-01
   1.073151000000000E-01,   2.310181000000000E-01
   2.317657000000000E-01,   1.191254000000000E-01
   2.630920000000000E-01,  -4.870605000000000E-02
   1.859894000000000E-01,  -2.019958000000000E-01
   0.315857000000000E-01,  -2.787781000000000E-01
  -1.370087000000000E-01,  -2.469177000000000E-01
  -2.538757000000000E-01,  -1.233826000000000E-01
  -2.770386000000000E-01,   0.458984000000000E-01
  -1.950836000000000E-01,   1.987915000000000E-01
  -3.643799000000000E-02,   2.746887000000000E-01
   1.393890000000000E-01,   2.397766000000000E-01
   2.588806000000000E-01,   1.044006000000000E-01
   2.717590000000000E-01,  -7.543945000000000E-02
   1.755981000000000E-01,  -2.243958000000000E-01
   0.123901000000000E-01,  -2.863464000000000E-01
  -1.531830000000000E-01,  -2.413330000000000E-01
  -2.604370000000000E-01,  -1.099548000000000E-01
  -2.694092000000000E-01,   0.589600000000000E-01
  -1.772156000000000E-01,   2.000580000000000E-01
  -1.977539000000000E-02,   2.585754000000000E-01
   1.403198000000000E-01,   2.094269000000000E-01
   2.378387000000000E-01,   0.759888000000000E-01
   2.352753000000000E-01,  -8.839417000000000E-02
   1.348419000000000E-01,  -2.169189000000000E-01
  -2.175903000000000E-02,  -2.574768000000000E-01
  -1.677094000000000E-01,  -1.957397000000000E-01
  -2.447052000000000E-01,  -6.175232000000000E-02
  -2.282562000000000E-01,   0.867004000000000E-01
  -1.299896000000000E-01,   1.957092000000000E-01
   0.134583000000000E-01,   2.271576000000000E-01
   1.500397000000000E-01,   1.662903000000000E-01
   2.235107000000000E-01,   0.303955000000000E-01
   1.942139000000000E-01,  -1.259155000000000E-01
   0.693359000000000E-01,  -2.285309000000000E-01
  -9.126282000000000E-02,  -2.272034000000000E-01
  -2.127380000000000E-01,  -1.279602000000000E-01
  -2.476349000000000E-01,   0.220184000000000E-01
  -1.873627000000000E-01,   1.618042000000000E-01
  -5.531311000000000E-02,   2.406311000000000E-01
   1.027374000000000E-01,   2.253113000000000E-01
   2.248230000000000E-01,   1.139069000000000E-01
   2.528687000000000E-01,  -5.502319000000000E-02
   1.692963000000000E-01,  -2.083130000000000E-01
   0.077209000000000E-01,  -2.794800000000000E-01
  -1.646729000000000E-01,  -2.385254000000000E-01
  -2.794800000000000E-01,  -1.027222000000000E-01
  -2.924194000000000E-01,   0.761719000000000E-01
  -1.958923000000000E-01,   2.303009000000000E-01
  -2.380371000000000E-02,   2.974243000000000E-01
   1.548462000000000E-01,   2.486572000000000E-01
   2.695618000000000E-01,   1.021423000000000E-01
   2.755432000000000E-01,  -8.346558000000000E-02
   1.709290000000000E-01,  -2.365417000000000E-01
  -3.417969000000000E-03,  -2.999878000000000E-01
  -1.827698000000000E-01,  -2.484283000000000E-01
  -2.980652000000000E-01,  -1.012268000000000E-01
  -3.031616000000000E-01,   0.856018000000000E-01
  -1.974182000000000E-01,   2.376556000000000E-01
  -2.429199000000000E-02,   2.958374000000000E-01
   1.467896000000000E-01,   2.410889000000000E-01
   2.504883000000000E-01,   0.980530000000000E-01
   2.483521000000000E-01,  -7.737732000000000E-02
   1.436005000000000E-01,  -2.155304000000000E-01
  -2.368164000000000E-02,  -2.623291000000000E-01
  -1.836853000000000E-01,  -1.985779000000000E-01
  -2.704163000000000E-01,  -5.139160000000000E-02
  -2.494202000000000E-01,   1.150055000000000E-01
  -1.346588000000000E-01,   2.318726000000000E-01
   0.245056000000000E-01,   2.551270000000000E-01
   1.638794000000000E-01,   1.790619000000000E-01
   2.278137000000000E-01,   0.346832000000000E-01
   1.908569000000000E-01,  -1.184082000000000E-01
   0.676270000000000E-01,  -2.163391000000000E-01
  -8.963013000000000E-02,  -2.182312000000000E-01
  -2.153168000000000E-01,  -1.231689000000000E-01
  -2.565613000000000E-01,   0.283203000000000E-01
  -1.971588000000000E-01,   1.747437000000000E-01
  -6.011963000000000E-02,   2.557068000000000E-01
   1.008911000000000E-01,   2.355804000000000E-01
   2.168732000000000E-01,   1.182861000000000E-01
   2.350769000000000E-01,  -4.823303000000000E-02
   1.451263000000000E-01,  -1.905670000000000E-01
  -1.370239000000000E-02,  -2.466278000000000E-01
  -1.731262000000000E-01,  -1.958771000000000E-01
  -2.704468000000000E-01,  -5.929565000000000E-02
  -2.687683000000000E-01,   1.084900000000000E-01
  -1.678925000000000E-01,   2.463837000000000E-01
  -7.629395000000000E-04,   2.989197000000000E-01
   1.693878000000000E-01,   2.404022000000000E-01
   2.717285000000000E-01,   0.859070000000000E-01
   2.581787000000000E-01,  -1.015625000000000E-01
   1.312256000000000E-01,  -2.421112000000000E-01
  -5.374146000000000E-02,  -2.755432000000000E-01
  -2.198792000000000E-01,  -1.925507000000000E-01
  -3.026123000000000E-01,  -2.938843000000000E-02
  -2.762451000000000E-01,   1.483765000000000E-01
  -1.531067000000000E-01,   2.790833000000000E-01
   0.239258000000000E-01,   3.163452000000000E-01
   1.934967000000000E-01,   2.431183000000000E-01
   2.892761000000000E-01,   0.806580000000000E-01
   2.684937000000000E-01,  -1.095886000000000E-01
   1.365204000000000E-01,  -2.492523000000000E-01
  -5.126953000000000E-02,  -2.799072000000000E-01
  -2.159119000000000E-01,  -1.935272000000000E-01
  -2.951660000000000E-01,  -3.100586000000000E-02
  -2.643433000000000E-01,   1.423950000000000E-01
  -1.404724000000000E-01,   2.614136000000000E-01
   0.265503000000000E-01,   2.865295000000000E-01
   1.752472000000000E-01,   2.084808000000000E-01
   2.489166000000000E-01,   0.569611000000000E-01
   2.146606000000000E-01,  -1.089172000000000E-01
   0.843811000000000E-01,  -2.188110000000000E-01
  -8.508301000000000E-02,  -2.235107000000000E-01
  -2.176666000000000E-01,  -1.227417000000000E-01
  -2.583008000000000E-01,   0.343323000000000E-01
  -1.967010000000000E-01,   1.791382000000000E-01
  -6.488037000000000E-02,   2.557678000000000E-01
   0.851288000000000E-01,   2.407837000000000E-01
   1.980896000000000E-01,   1.390839000000000E-01
   2.276917000000000E-01,  -1.425171000000000E-02
   1.519012000000000E-01,  -1.577454000000000E-01
  -9.765625000000000E-04,  -2.211304000000000E-01
  -1.607513000000000E-01,  -1.721191000000000E-01
  -2.530212000000000E-01,  -3.311157000000000E-02
  -2.408447000000000E-01,   1.308289000000000E-01
  -1.325378000000000E-01,   2.553711000000000E-01
   0.303955000000000E-01,   2.919312000000000E-01
   1.856842000000000E-01,   2.236481000000000E-01
   2.718201000000000E-01,   0.726318000000000E-01
   2.500916000000000E-01,  -1.031189000000000E-01
   1.247864000000000E-01,  -2.318573000000000E-01
  -5.352783000000000E-02,  -2.597046000000000E-01
  -2.145844000000000E-01,  -1.760559000000000E-01
  -2.943115000000000E-01,  -1.126099000000000E-02
  -2.612610000000000E-01,   1.694031000000000E-01
  -1.265259000000000E-01,   2.958679000000000E-01
   0.573425000000000E-01,   3.183594000000000E-01
   2.186432000000000E-01,   2.285614000000000E-01
   2.960205000000000E-01,   0.612793000000000E-01
   2.610779000000000E-01,  -1.194153000000000E-01
   1.261444000000000E-01,  -2.460938000000000E-01
  -5.874634000000000E-02,  -2.678223000000000E-01
  -2.211304000000000E-01,  -1.737213000000000E-01
  -2.937317000000000E-01,  -1.831055000000000E-03
  -2.491913000000000E-01,   1.774902000000000E-01
  -1.086731000000000E-01,   2.927246000000000E-01
   0.700378000000000E-01,   3.046265000000000E-01
   2.196808000000000E-01,   2.101593000000000E-01
   2.862244000000000E-01,   0.464172000000000E-01
   2.426300000000000E-01,  -1.248932000000000E-01
   1.043396000000000E-01,  -2.355347000000000E-01
  -7.136536000000000E-02,  -2.384338000000000E-01
  -2.102814000000000E-01,  -1.346741000000000E-01
  -2.555237000000000E-01,   0.281372000000000E-01
  -1.944275000000000E-01,   1.812439000000000E-01
  -5.712891000000000E-02,   2.661743000000000E-01
   1.021423000000000E-01,   2.523499000000000E-01
   2.216644000000000E-01,   1.453247000000000E-01
   2.517700000000000E-01,  -1.260376000000000E-02
   1.772614000000000E-01,  -1.562347000000000E-01
   0.292511000000000E-01,  -2.214661000000000E-01
  -1.256866000000000E-01,  -1.803741000000000E-01
  -2.209930000000000E-01,  -5.314636000000000E-02
  -2.173615000000000E-01,   1.043243000000000E-01
  -1.188812000000000E-01,   2.261963000000000E-01
   0.346375000000000E-01,   2.636719000000000E-01
   1.813660000000000E-01,   1.990051000000000E-01
   2.587585000000000E-01,   0.543213000000000E-01
   2.290192000000000E-01,  -1.094971000000000E-01
   1.022339000000000E-01,  -2.205200000000000E-01
  -6.753540000000000E-02,  -2.292175000000000E-01
  -2.065582000000000E-01,  -1.315002000000000E-01
  -2.586975000000000E-01,   0.317993000000000E-01
  -2.015533000000000E-01,   1.945038000000000E-01
  -5.807495000000000E-02,   2.914124000000000E-01
   1.153259000000000E-01,   2.848206000000000E-01
   2.539063000000000E-01,   1.772766000000000E-01
   3.040161000000000E-01,   0.083313000000000E-01
   2.450714000000000E-01,  -1.604614000000000E-01
   0.961914000000000E-01,  -2.640381000000000E-01
  -8.810425000000000E-02,  -2.592468000000000E-01
  -2.346191000000000E-01,  -1.428375000000000E-01
  -2.812500000000000E-01,   0.388184000000000E-01
  -2.107697000000000E-01,   2.100830000000000E-01
  -5.557251000000000E-02,   3.057861000000000E-01
   1.247253000000000E-01,   2.939758000000000E-01
   2.652588000000000E-01,   1.824036000000000E-01
   3.171082000000000E-01,   0.091248000000000E-01
   2.572021000000000E-01,  -1.644897000000000E-01
   1.044922000000000E-01,  -2.695923000000000E-01
  -8.093262000000000E-02,  -2.618408000000000E-01
  -2.226868000000000E-01,  -1.448212000000000E-01
  -2.646484000000000E-01,   0.299072000000000E-01
