  -9.110260000000000E-02,  -7.746887000000000E-02
  -1.263733000000000E-01,   0.028381000000000E-01
  -9.815216000000000E-02,   8.357239000000000E-02
  -2.860260000000000E-02,   1.246033000000000E-01
   4.507446000000000E-02,   1.155472000000000E-01
   9.745789000000000E-02,   7.020569000000000E-02
   1.177750000000000E-01,   0.655365000000000E-02
   1.020737000000000E-01,  -6.081390000000000E-02
   4.817963000000000E-02,  -1.132126000000000E-01
  -3.512573000000000E-02,  -1.253052000000000E-01
  -1.141434000000000E-01,  -7.731628000000000E-02
  -1.426849000000000E-01,   0.161438000000000E-01
  -1.000900000000000E-01,   1.049347000000000E-01
  -1.301575000000000E-02,   1.389313000000000E-01
   6.539917000000000E-02,   1.098099000000000E-01
   1.017227000000000E-01,   4.963684000000000E-02
   1.002655000000000E-01,  -7.858276000000000E-03
   7.746887000000000E-02,  -5.312347000000000E-02
   3.617859000000000E-02,  -8.618164000000000E-02
  -2.419281000000000E-02,  -9.405518000000000E-02
  -8.378601000000000E-02,  -5.896759000000000E-02
  -1.068192000000000E-01,   1.177216000000000E-02
  -7.583618000000000E-02,   8.019257000000000E-02
  -9.178162000000000E-03,   1.092758000000000E-01
   5.517578000000000E-02,   8.881378000000000E-02
   8.908844000000000E-02,   3.818512000000000E-02
   8.642578000000000E-02,  -1.625061000000000E-02
   5.836868000000000E-02,  -5.669022000000000E-02
   1.544189000000000E-02,  -7.757568000000000E-02
  -3.658295000000000E-02,  -7.507324000000000E-02
  -8.621979000000000E-02,  -3.922272000000000E-02
  -1.063232000000000E-01,   3.141022000000000E-02
  -6.861115000000000E-02,   1.078873000000000E-01
   0.200653000000000E-01,   1.400452000000000E-01
   1.109772000000000E-01,   9.913635000000000E-02
   1.482086000000000E-01,   0.055695000000000E-01
   1.138763000000000E-01,  -8.474731000000000E-02
   0.363922000000000E-01,  -1.291046000000000E-01
  -4.519653000000000E-02,  -1.222610000000000E-01
  -1.119385000000000E-01,  -7.640839000000000E-02
  -1.489716000000000E-01,   0.044250000000000E-01
  -1.313934000000000E-01,   1.055450000000000E-01
  -4.443359000000000E-02,   1.820984000000000E-01
   0.820313000000000E-01,   1.840820000000000E-01
   1.833344000000000E-01,   0.984802000000000E-01
   2.036743000000000E-01,  -3.318787000000000E-02
   1.360168000000000E-01,  -1.448975000000000E-01
   0.189056000000000E-01,  -1.879272000000000E-01
  -9.519958000000000E-02,  -1.540222000000000E-01
  -1.661682000000000E-01,  -6.359863000000000E-02
  -1.725616000000000E-01,   0.495300000000000E-01
  -1.128235000000000E-01,   1.465454000000000E-01
  -6.378174000000000E-03,   1.914215000000000E-01
   1.074677000000000E-01,   1.639099000000000E-01
   1.836395000000000E-01,   0.731964000000000E-01
   1.890869000000000E-01,  -4.687500000000000E-02
   1.195068000000000E-01,  -1.452942000000000E-01
   0.046539000000000E-01,  -1.780548000000000E-01
  -1.024170000000000E-01,  -1.317749000000000E-01
  -1.536865000000000E-01,  -3.408813000000000E-02
  -1.351929000000000E-01,   0.675659000000000E-01
  -6.652832000000000E-02,   1.329498000000000E-01
   0.212402000000000E-01,   1.475830000000000E-01
   1.010437000000000E-01,   1.135941000000000E-01
   1.501160000000000E-01,   0.406647000000000E-01
   1.493988000000000E-01,  -5.207825000000000E-02
   0.893555000000000E-01,  -1.308441000000000E-01
  -1.220703000000000E-02,  -1.559143000000000E-01
  -1.091232000000000E-01,  -1.075668000000000E-01
  -1.510620000000000E-01,  -7.339478000000000E-03
  -1.189804000000000E-01,   9.333038000000000E-02
  -3.524780000000000E-02,   1.484222000000000E-01
   0.587921000000000E-01,   1.433716000000000E-01
   1.311493000000000E-01,   0.891571000000000E-01
   1.645355000000000E-01,   0.034943000000000E-01
   1.439972000000000E-01,  -9.465027000000000E-02
   0.597687000000000E-01,  -1.695404000000000E-01
  -6.547546000000000E-02,  -1.743469000000000E-01
  -1.706543000000000E-01,  -8.898926000000000E-02
  -1.929169000000000E-01,   0.500488000000000E-01
  -1.181183000000000E-01,   1.693573000000000E-01
   0.122070000000000E-01,   2.130585000000000E-01
   1.376038000000000E-01,   1.702271000000000E-01
   2.121277000000000E-01,   0.656128000000000E-01
   2.162018000000000E-01,  -6.219482000000000E-02
   1.454163000000000E-01,  -1.732483000000000E-01
   0.179291000000000E-01,  -2.249908000000000E-01
  -1.213074000000000E-01,  -1.893616000000000E-01
  -2.133179000000000E-01,  -7.150269000000000E-02
  -2.123718000000000E-01,   0.823669000000000E-01
  -1.135406000000000E-01,   2.035065000000000E-01
   0.377808000000000E-01,   2.355194000000000E-01
   1.742401000000000E-01,   1.676025000000000E-01
   2.370300000000000E-01,   0.337677000000000E-01
   2.083282000000000E-01,  -1.039276000000000E-01
   1.089935000000000E-01,  -1.937714000000000E-01
  -1.835632000000000E-02,  -2.098083000000000E-01
  -1.303558000000000E-01,  -1.534882000000000E-01
  -1.919403000000000E-01,  -4.226685000000000E-02
  -1.752625000000000E-01,   0.878143000000000E-01
  -7.954407000000000E-02,   1.823120000000000E-01
   0.554962000000000E-01,   1.945343000000000E-01
   1.651154000000000E-01,   1.186523000000000E-01
   1.996460000000000E-01,  -4.089355000000000E-03
   1.523895000000000E-01,  -1.148834000000000E-01
   0.550079000000000E-01,  -1.704865000000000E-01
  -4.914856000000000E-02,  -1.600800000000000E-01
  -1.275635000000000E-01,  -9.652710000000000E-02
  -1.580048000000000E-01,   0.011597000000000E-01
  -1.253662000000000E-01,   1.028595000000000E-01
  -3.298950000000000E-02,   1.678467000000000E-01
   0.856934000000000E-01,   1.607971000000000E-01
   1.764832000000000E-01,   0.770721000000000E-01
   1.925964000000000E-01,  -4.908752000000000E-02
   1.228027000000000E-01,  -1.575165000000000E-01
   0.002441000000000E-01,  -1.953278000000000E-01
  -1.157837000000000E-01,  -1.500854000000000E-01
  -1.799622000000000E-01,  -4.608154000000000E-02
  -1.730042000000000E-01,   0.741882000000000E-01
  -9.712219000000000E-02,   1.725922000000000E-01
   0.290680000000000E-01,   2.122803000000000E-01
   1.640015000000000E-01,   1.651917000000000E-01
   2.466888000000000E-01,   0.363770000000000E-01
   2.283478000000000E-01,  -1.235809000000000E-01
   1.096802000000000E-01,  -2.394104000000000E-01
  -5.679321000000000E-02,  -2.547302000000000E-01
  -1.946106000000000E-01,  -1.647034000000000E-01
  -2.488098000000000E-01,  -1.318359000000000E-02
  -2.054901000000000E-01,   1.384125000000000E-01
  -8.421326000000000E-02,   2.373199000000000E-01
   0.737915000000000E-01,   2.495270000000000E-01
   2.124939000000000E-01,   1.666260000000000E-01
   2.780457000000000E-01,   0.143738000000000E-01
   2.394867000000000E-01,  -1.507874000000000E-01
   1.070862000000000E-01,  -2.615967000000000E-01
  -6.704712000000000E-02,  -2.688904000000000E-01
  -2.089386000000000E-01,  -1.670380000000000E-01
  -2.563477000000000E-01,  -1.342773000000000E-03
  -1.924744000000000E-01,   1.524963000000000E-01
  -5.442810000000000E-02,   2.312317000000000E-01
   0.948334000000000E-01,   2.144165000000000E-01
   2.030487000000000E-01,   1.185303000000000E-01
   2.375641000000000E-01,  -1.931763000000000E-02
   1.860962000000000E-01,  -1.536713000000000E-01
   0.626221000000000E-01,  -2.335358000000000E-01
  -8.776855000000000E-02,  -2.207031000000000E-01
  -1.968384000000000E-01,  -1.152954000000000E-01
  -2.136230000000000E-01,   0.323486000000000E-01
  -1.373596000000000E-01,   1.529999000000000E-01
  -9.872437000000000E-03,   1.984100000000000E-01
   1.136627000000000E-01,   1.613922000000000E-01
   1.909637000000000E-01,   0.627136000000000E-01
   1.971283000000000E-01,  -6.278992000000000E-02
   1.275177000000000E-01,  -1.714478000000000E-01
   0.010376000000000E-01,  -2.186279000000000E-01
  -1.336975000000000E-01,  -1.754456000000000E-01
  -2.143402000000000E-01,  -5.329895000000000E-02
  -1.976929000000000E-01,   0.966949000000000E-01
  -8.830261000000000E-02,   2.026062000000000E-01
   0.623169000000000E-01,   2.154236000000000E-01
   1.871948000000000E-01,   1.338654000000000E-01
   2.371979000000000E-01,  -3.570557000000000E-03
   1.983337000000000E-01,  -1.434937000000000E-01
   0.856171000000000E-01,  -2.379608000000000E-01
  -6.771851000000000E-02,  -2.505188000000000E-01
  -2.055359000000000E-01,  -1.667023000000000E-01
  -2.659607000000000E-01,  -7.598877000000000E-03
  -2.126770000000000E-01,   1.604919000000000E-01
  -6.338501000000000E-02,   2.595215000000000E-01
   1.138763000000000E-01,   2.441711000000000E-01
   2.429657000000000E-01,   1.264343000000000E-01
   2.768250000000000E-01,  -4.165649000000000E-02
   2.084808000000000E-01,  -1.956635000000000E-01
   0.650635000000000E-01,  -2.838135000000000E-01
  -1.055298000000000E-01,  -2.747498000000000E-01
  -2.425385000000000E-01,  -1.656342000000000E-01
  -2.883606000000000E-01,   0.078430000000000E-01
  -2.195129000000000E-01,   1.752777000000000E-01
  -6.204224000000000E-02,   2.645569000000000E-01
   1.133575000000000E-01,   2.402039000000000E-01
   2.345581000000000E-01,   1.180725000000000E-01
   2.584839000000000E-01,  -4.699707000000000E-02
   1.826782000000000E-01,  -1.908264000000000E-01
   0.402832000000000E-01,  -2.618103000000000E-01
  -1.153717000000000E-01,  -2.361145000000000E-01
  -2.250366000000000E-01,  -1.242523000000000E-01
  -2.456055000000000E-01,   0.310364000000000E-01
  -1.676483000000000E-01,   1.645660000000000E-01
  -2.731323000000000E-02,   2.221069000000000E-01
   1.150360000000000E-01,   1.824493000000000E-01
   2.021027000000000E-01,   0.664673000000000E-01
   2.001038000000000E-01,  -7.458496000000000E-02
   1.146088000000000E-01,  -1.836853000000000E-01
  -1.808167000000000E-02,  -2.181396000000000E-01
  -1.436920000000000E-01,  -1.658325000000000E-01
  -2.117462000000000E-01,  -4.823303000000000E-02
  -1.951904000000000E-01,   0.872040000000000E-01
  -9.803772000000000E-02,   1.857605000000000E-01
   0.400696000000000E-01,   2.056732000000000E-01
   1.645813000000000E-01,   1.356506000000000E-01
   2.214966000000000E-01,   0.014801000000000E-01
   1.830902000000000E-01,  -1.432800000000000E-01
   0.604858000000000E-01,  -2.342072000000000E-01
  -9.378052000000000E-02,  -2.306213000000000E-01
  -2.142639000000000E-01,  -1.333466000000000E-01
  -2.519531000000000E-01,   0.178528000000000E-01
  -1.921997000000000E-01,   1.630096000000000E-01
  -5.549622000000000E-02,   2.457123000000000E-01
   1.071014000000000E-01,   2.309875000000000E-01
   2.315674000000000E-01,   1.191864000000000E-01
   2.632446000000000E-01,  -4.837036000000000E-02
   1.858673000000000E-01,  -2.024078000000000E-01
   0.313721000000000E-01,  -2.786255000000000E-01
  -1.371613000000000E-01,  -2.468567000000000E-01
  -2.539063000000000E-01,  -1.233521000000000E-01
  -2.771606000000000E-01,   0.459900000000000E-01
  -1.952667000000000E-01,   1.988831000000000E-01
  -3.628540000000000E-02,   2.748413000000000E-01
   1.394653000000000E-01,   2.395172000000000E-01
   2.586670000000000E-01,   1.040955000000000E-01
   2.716370000000000E-01,  -7.534790000000000E-02
   1.752625000000000E-01,  -2.247620000000000E-01
   0.123291000000000E-01,  -2.866211000000000E-01
  -1.532745000000000E-01,  -2.411041000000000E-01
  -2.605896000000000E-01,  -1.095276000000000E-01
  -2.692261000000000E-01,   0.591125000000000E-01
  -1.771393000000000E-01,   1.999817000000000E-01
  -1.943970000000000E-02,   2.583923000000000E-01
   1.404266000000000E-01,   2.095795000000000E-01
   2.379456000000000E-01,   0.760345000000000E-01
   2.355804000000000E-01,  -8.840942000000000E-02
   1.345825000000000E-01,  -2.170715000000000E-01
  -2.182007000000000E-02,  -2.570496000000000E-01
  -1.675873000000000E-01,  -1.955261000000000E-01
  -2.446289000000000E-01,  -6.185913000000000E-02
  -2.279358000000000E-01,   0.870209000000000E-01
  -1.295013000000000E-01,   1.958923000000000E-01
   0.135193000000000E-01,   2.267914000000000E-01
   1.502075000000000E-01,   1.661530000000000E-01
   2.236176000000000E-01,   0.304871000000000E-01
   1.941376000000000E-01,  -1.259918000000000E-01
   0.695038000000000E-01,  -2.283630000000000E-01
  -9.130859000000000E-02,  -2.270355000000000E-01
  -2.127380000000000E-01,  -1.275177000000000E-01
  -2.475281000000000E-01,   0.218048000000000E-01
  -1.872101000000000E-01,   1.617737000000000E-01
  -5.522156000000000E-02,   2.406464000000000E-01
   1.029205000000000E-01,   2.253113000000000E-01
   2.248535000000000E-01,   1.139221000000000E-01
   2.526550000000000E-01,  -5.523682000000000E-02
   1.690979000000000E-01,  -2.085114000000000E-01
   0.076599000000000E-01,  -2.797241000000000E-01
  -1.644135000000000E-01,  -2.384644000000000E-01
  -2.795105000000000E-01,  -1.025696000000000E-01
  -2.927856000000000E-01,   0.761719000000000E-01
  -1.955109000000000E-01,   2.304993000000000E-01
  -2.420044000000000E-02,   2.977905000000000E-01
   1.551819000000000E-01,   2.487488000000000E-01
   2.697144000000000E-01,   1.021118000000000E-01
   2.755737000000000E-01,  -8.331299000000000E-02
   1.708069000000000E-01,  -2.365265000000000E-01
  -3.601074000000000E-03,  -2.997131000000000E-01
  -1.828766000000000E-01,  -2.481689000000000E-01
  -2.979126000000000E-01,  -1.008606000000000E-01
  -3.031616000000000E-01,   0.859070000000000E-01
  -1.970978000000000E-01,   2.373505000000000E-01
  -2.423096000000000E-02,   2.958679000000000E-01
   1.466675000000000E-01,   2.410736000000000E-01
   2.506714000000000E-01,   0.978394000000000E-01
   2.483978000000000E-01,  -7.711792000000000E-02
   1.433716000000000E-01,  -2.158508000000000E-01
  -2.380371000000000E-02,  -2.624512000000000E-01
  -1.836548000000000E-01,  -1.981354000000000E-01
  -2.703552000000000E-01,  -5.120850000000000E-02
  -2.493591000000000E-01,   1.148224000000000E-01
  -1.344604000000000E-01,   2.319183000000000E-01
   0.245361000000000E-01,   2.553711000000000E-01
   1.636047000000000E-01,   1.786041000000000E-01
   2.280273000000000E-01,   0.344238000000000E-01
   1.905975000000000E-01,  -1.184998000000000E-01
   0.671692000000000E-01,  -2.163849000000000E-01
  -9.004211000000000E-02,  -2.180176000000000E-01
  -2.152405000000000E-01,  -1.227722000000000E-01
  -2.566528000000000E-01,   0.290222000000000E-01
  -1.971283000000000E-01,   1.744843000000000E-01
  -6.011963000000000E-02,   2.555237000000000E-01
   1.007843000000000E-01,   2.357788000000000E-01
   2.169037000000000E-01,   1.183472000000000E-01
   2.352295000000000E-01,  -4.823303000000000E-02
   1.446991000000000E-01,  -1.904297000000000E-01
  -1.345825000000000E-02,  -2.467194000000000E-01
  -1.731720000000000E-01,  -1.956024000000000E-01
  -2.705383000000000E-01,  -5.917358000000000E-02
  -2.689514000000000E-01,   1.089172000000000E-01
  -1.673889000000000E-01,   2.460938000000000E-01
  -7.629395000000000E-04,   2.987976000000000E-01
   1.697083000000000E-01,   2.403107000000000E-01
   2.717896000000000E-01,   0.858765000000000E-01
   2.579346000000000E-01,  -1.017456000000000E-01
   1.310272000000000E-01,  -2.422943000000000E-01
  -5.401611000000000E-02,  -2.758179000000000E-01
  -2.203064000000000E-01,  -1.923828000000000E-01
  -3.024902000000000E-01,  -2.932739000000000E-02
  -2.763062000000000E-01,   1.482239000000000E-01
  -1.532593000000000E-01,   2.788696000000000E-01
   0.242310000000000E-01,   3.165894000000000E-01
   1.934814000000000E-01,   2.431641000000000E-01
   2.890015000000000E-01,   0.808105000000000E-01
   2.683411000000000E-01,  -1.095886000000000E-01
   1.364594000000000E-01,  -2.492065000000000E-01
  -5.105591000000000E-02,  -2.798462000000000E-01
  -2.158356000000000E-01,  -1.935120000000000E-01
  -2.949829000000000E-01,  -3.088379000000000E-02
  -2.628479000000000E-01,   1.421814000000000E-01
  -1.406860000000000E-01,   2.613220000000000E-01
   0.270691000000000E-01,   2.863770000000000E-01
   1.762695000000000E-01,   2.088623000000000E-01
   2.488708000000000E-01,   0.565338000000000E-01
   2.147827000000000E-01,  -1.098175000000000E-01
   0.849304000000000E-01,  -2.186890000000000E-01
  -8.506775000000000E-02,  -2.235107000000000E-01
  -2.177582000000000E-01,  -1.227417000000000E-01
  -2.582092000000000E-01,   0.345459000000000E-01
  -1.966858000000000E-01,   1.787109000000000E-01
  -6.503296000000000E-02,   2.559814000000000E-01
   0.850525000000000E-01,   2.406616000000000E-01
   1.979980000000000E-01,   1.389771000000000E-01
   2.275543000000000E-01,  -1.469421000000000E-02
   1.522522000000000E-01,  -1.575012000000000E-01
  -1.037598000000000E-03,  -2.212067000000000E-01
  -1.607056000000000E-01,  -1.720581000000000E-01
  -2.528076000000000E-01,  -3.326416000000000E-02
  -2.409363000000000E-01,   1.309509000000000E-01
  -1.324768000000000E-01,   2.554016000000000E-01
   0.300293000000000E-01,   2.917786000000000E-01
   1.856689000000000E-01,   2.235870000000000E-01
   2.719421000000000E-01,   0.729065000000000E-01
   2.502136000000000E-01,  -1.028442000000000E-01
   1.248169000000000E-01,  -2.319183000000000E-01
  -5.346680000000000E-02,  -2.599182000000000E-01
  -2.146454000000000E-01,  -1.762085000000000E-01
  -2.940979000000000E-01,  -1.135254000000000E-02
  -2.611389000000000E-01,   1.693726000000000E-01
  -1.263428000000000E-01,   2.963562000000000E-01
   0.573425000000000E-01,   3.181458000000000E-01
   2.184753000000000E-01,   2.282562000000000E-01
   2.960205000000000E-01,   0.614014000000000E-01
   2.612915000000000E-01,  -1.197205000000000E-01
   1.258087000000000E-01,  -2.463226000000000E-01
  -5.889893000000000E-02,  -2.678528000000000E-01
  -2.208405000000000E-01,  -1.737061000000000E-01
  -2.938538000000000E-01,  -1.800537000000000E-03
  -2.486420000000000E-01,   1.774292000000000E-01
  -1.088257000000000E-01,   2.928772000000000E-01
   0.698547000000000E-01,   3.043518000000000E-01
   2.197266000000000E-01,   2.103119000000000E-01
   2.859802000000000E-01,   0.465088000000000E-01
   2.424927000000000E-01,  -1.246033000000000E-01
   1.042480000000000E-01,  -2.356110000000000E-01
  -7.165527000000000E-02,  -2.384644000000000E-01
  -2.099609000000000E-01,  -1.350708000000000E-01
  -2.554932000000000E-01,   0.280151000000000E-01
  -1.947784000000000E-01,   1.812439000000000E-01
  -5.731201000000000E-02,   2.661438000000000E-01
   1.026001000000000E-01,   2.527161000000000E-01
   2.219238000000000E-01,   1.454010000000000E-01
   2.514954000000000E-01,  -1.272583000000000E-02
   1.771851000000000E-01,  -1.563568000000000E-01
   0.292664000000000E-01,  -2.217407000000000E-01
  -1.263580000000000E-01,  -1.800842000000000E-01
  -2.209167000000000E-01,  -5.281067000000000E-02
  -2.170410000000000E-01,   1.042786000000000E-01
  -1.185150000000000E-01,   2.260284000000000E-01
   0.348511000000000E-01,   2.636414000000000E-01
   1.817017000000000E-01,   1.987457000000000E-01
   2.587585000000000E-01,   0.543823000000000E-01
   2.291260000000000E-01,  -1.095428000000000E-01
   1.021118000000000E-01,  -2.202301000000000E-01
  -6.729126000000000E-02,  -2.291107000000000E-01
  -2.069397000000000E-01,  -1.311798000000000E-01
  -2.585144000000000E-01,   0.318909000000000E-01
  -2.016907000000000E-01,   1.943665000000000E-01
  -5.825806000000000E-02,   2.913208000000000E-01
   1.155701000000000E-01,   2.848511000000000E-01
   2.536926000000000E-01,   1.773376000000000E-01
   3.036804000000000E-01,   0.083618000000000E-01
   2.454071000000000E-01,  -1.602783000000000E-01
   0.963745000000000E-01,  -2.640686000000000E-01
  -8.831787000000000E-02,  -2.590027000000000E-01
  -2.346344000000000E-01,  -1.431274000000000E-01
  -2.813721000000000E-01,   0.382996000000000E-01
  -2.102661000000000E-01,   2.102051000000000E-01
  -5.532837000000000E-02,   3.061523000000000E-01
   1.247864000000000E-01,   2.945251000000000E-01
   2.654419000000000E-01,   1.822815000000000E-01
   3.170776000000000E-01,   0.092773000000000E-01
   2.573853000000000E-01,  -1.644592000000000E-01
   1.045532000000000E-01,  -2.693481000000000E-01
  -8.111572000000000E-02,  -2.622681000000000E-01
  -2.228241000000000E-01,  -1.449127000000000E-01
  -2.648010000000000E-01,   0.299377000000000E-01
