  -9.150696000000000E-02,  -7.719421000000000E-02
  -1.264954000000000E-01,   0.027771000000000E-01
  -9.827423000000000E-02,   8.383179000000000E-02
  -2.872467000000000E-02,   1.245880000000000E-01
   4.504395000000000E-02,   1.157303000000000E-01
   9.741211000000000E-02,   7.022095000000000E-02
   1.178131000000000E-01,   0.655365000000000E-02
   1.022797000000000E-01,  -6.052399000000000E-02
   4.821777000000000E-02,  -1.134644000000000E-01
  -3.521729000000000E-02,  -1.251831000000000E-01
  -1.142120000000000E-01,  -7.718658000000000E-02
  -1.429749000000000E-01,   0.163116000000000E-01
  -1.000824000000000E-01,   1.050949000000000E-01
  -1.275635000000000E-02,   1.389465000000000E-01
   6.533051000000000E-02,   1.099701000000000E-01
   1.015701000000000E-01,   4.985046000000000E-02
   1.001282000000000E-01,  -7.865906000000000E-03
   7.736206000000000E-02,  -5.316925000000000E-02
   3.627777000000000E-02,  -8.644104000000000E-02
  -2.421570000000000E-02,  -9.397888000000000E-02
  -8.406067000000000E-02,  -5.887604000000000E-02
  -1.069565000000000E-01,   1.184082000000000E-02
  -7.586670000000000E-02,   8.001709000000000E-02
  -9.338379000000000E-03,   1.091080000000000E-01
   5.510712000000000E-02,   8.866119000000000E-02
   8.885956000000000E-02,   3.819275000000000E-02
   8.654022000000000E-02,  -1.622009000000000E-02
   5.826569000000000E-02,  -5.656815000000000E-02
   1.533508000000000E-02,  -7.753754000000000E-02
  -3.643799000000000E-02,  -7.528687000000000E-02
  -8.626556000000000E-02,  -3.915405000000000E-02
  -1.064072000000000E-01,   3.129578000000000E-02
  -6.865692000000000E-02,   1.077805000000000E-01
   0.199280000000000E-01,   1.400757000000000E-01
   1.109695000000000E-01,   9.905243000000000E-02
   1.480865000000000E-01,   0.056610000000000E-01
   1.138840000000000E-01,  -8.459473000000000E-02
   0.362701000000000E-01,  -1.289368000000000E-01
  -4.532623000000000E-02,  -1.223145000000000E-01
  -1.119080000000000E-01,  -7.612610000000000E-02
  -1.492767000000000E-01,   0.045929000000000E-01
  -1.313019000000000E-01,   1.051941000000000E-01
  -4.431152000000000E-02,   1.818695000000000E-01
   0.818939000000000E-01,   1.841278000000000E-01
   1.831512000000000E-01,   0.987701000000000E-01
   2.037964000000000E-01,  -3.327942000000000E-02
   1.361389000000000E-01,  -1.448975000000000E-01
   0.189209000000000E-01,  -1.880188000000000E-01
  -9.507751000000000E-02,  -1.540985000000000E-01
  -1.660461000000000E-01,  -6.367493000000000E-02
  -1.726227000000000E-01,   0.495300000000000E-01
  -1.127777000000000E-01,   1.467896000000000E-01
  -6.484985000000000E-03,   1.917572000000000E-01
   1.075745000000000E-01,   1.637726000000000E-01
   1.837921000000000E-01,   0.732269000000000E-01
   1.893158000000000E-01,  -4.698181000000000E-02
   1.195526000000000E-01,  -1.452484000000000E-01
   0.046539000000000E-01,  -1.780853000000000E-01
  -1.022491000000000E-01,  -1.318970000000000E-01
  -1.537170000000000E-01,  -3.385925000000000E-02
  -1.354828000000000E-01,   0.675659000000000E-01
  -6.654358000000000E-02,   1.329346000000000E-01
   0.213470000000000E-01,   1.476440000000000E-01
   1.007843000000000E-01,   1.137009000000000E-01
   1.502075000000000E-01,   0.405579000000000E-01
   1.493683000000000E-01,  -5.221558000000000E-02
   0.892029000000000E-01,  -1.307983000000000E-01
  -1.248169000000000E-02,  -1.557617000000000E-01
  -1.091537000000000E-01,  -1.075745000000000E-01
  -1.511078000000000E-01,  -7.278442000000000E-03
  -1.188812000000000E-01,   9.335327000000000E-02
  -3.518677000000000E-02,   1.483612000000000E-01
   0.586548000000000E-01,   1.430206000000000E-01
   1.310730000000000E-01,   0.890045000000000E-01
   1.645050000000000E-01,   0.033875000000000E-01
   1.439667000000000E-01,  -9.455872000000000E-02
   0.597687000000000E-01,  -1.696167000000000E-01
  -6.567383000000000E-02,  -1.744995000000000E-01
  -1.706238000000000E-01,  -8.880615000000000E-02
  -1.928864000000000E-01,   0.500031000000000E-01
  -1.181641000000000E-01,   1.694183000000000E-01
   0.120697000000000E-01,   2.131805000000000E-01
   1.375122000000000E-01,   1.701660000000000E-01
   2.126160000000000E-01,   0.655060000000000E-01
   2.159271000000000E-01,  -6.242371000000000E-02
   1.456604000000000E-01,  -1.734772000000000E-01
   0.179138000000000E-01,  -2.248993000000000E-01
  -1.214752000000000E-01,  -1.891937000000000E-01
  -2.133026000000000E-01,  -7.136536000000000E-02
  -2.124329000000000E-01,   0.826721000000000E-01
  -1.138306000000000E-01,   2.029724000000000E-01
   0.378723000000000E-01,   2.356415000000000E-01
   1.744080000000000E-01,   1.673889000000000E-01
   2.372131000000000E-01,   0.340118000000000E-01
   2.079773000000000E-01,  -1.040039000000000E-01
   1.090088000000000E-01,  -1.936035000000000E-01
  -1.850891000000000E-02,  -2.091980000000000E-01
  -1.304016000000000E-01,  -1.534424000000000E-01
  -1.920624000000000E-01,  -4.246521000000000E-02
  -1.752014000000000E-01,   0.877228000000000E-01
  -7.977295000000000E-02,   1.824036000000000E-01
   0.557404000000000E-01,   1.943207000000000E-01
   1.648102000000000E-01,   1.184235000000000E-01
   1.995239000000000E-01,  -4.180908000000000E-03
   1.520386000000000E-01,  -1.149902000000000E-01
   0.550537000000000E-01,  -1.703949000000000E-01
  -4.907227000000000E-02,  -1.602936000000000E-01
  -1.275177000000000E-01,  -9.645081000000000E-02
  -1.577911000000000E-01,   0.010223000000000E-01
  -1.252136000000000E-01,   1.027832000000000E-01
  -3.271484000000000E-02,   1.679840000000000E-01
   0.856323000000000E-01,   1.609192000000000E-01
   1.764221000000000E-01,   0.769501000000000E-01
   1.925507000000000E-01,  -4.925537000000000E-02
   1.228027000000000E-01,  -1.574402000000000E-01
   0.003357000000000E-01,  -1.953278000000000E-01
  -1.160889000000000E-01,  -1.497955000000000E-01
  -1.797943000000000E-01,  -4.612732000000000E-02
  -1.729126000000000E-01,   0.740967000000000E-01
  -9.695435000000000E-02,   1.725769000000000E-01
   0.290680000000000E-01,   2.123108000000000E-01
   1.638794000000000E-01,   1.652222000000000E-01
   2.464905000000000E-01,   0.365295000000000E-01
   2.285614000000000E-01,  -1.236420000000000E-01
   1.097717000000000E-01,  -2.396851000000000E-01
  -5.688477000000000E-02,  -2.543640000000000E-01
  -1.944580000000000E-01,  -1.643524000000000E-01
  -2.489624000000000E-01,  -1.309204000000000E-02
  -2.055359000000000E-01,   1.383667000000000E-01
  -8.393860000000000E-02,   2.371979000000000E-01
   0.734558000000000E-01,   2.494507000000000E-01
   2.123566000000000E-01,   1.670380000000000E-01
   2.780457000000000E-01,   0.141602000000000E-01
   2.396545000000000E-01,  -1.507111000000000E-01
   1.074524000000000E-01,  -2.615967000000000E-01
  -6.686401000000000E-02,  -2.690125000000000E-01
  -2.090912000000000E-01,  -1.671753000000000E-01
  -2.565308000000000E-01,  -1.373291000000000E-03
  -1.922607000000000E-01,   1.525574000000000E-01
  -5.451965000000000E-02,   2.314453000000000E-01
   0.949402000000000E-01,   2.142029000000000E-01
   2.029419000000000E-01,   1.184082000000000E-01
   2.376404000000000E-01,  -1.933289000000000E-02
   1.861725000000000E-01,  -1.537018000000000E-01
   0.622864000000000E-01,  -2.336121000000000E-01
  -8.753967000000000E-02,  -2.205963000000000E-01
  -1.968536000000000E-01,  -1.152039000000000E-01
  -2.140198000000000E-01,   0.325470000000000E-01
  -1.371918000000000E-01,   1.529236000000000E-01
  -9.963989000000000E-03,   1.983948000000000E-01
   1.137695000000000E-01,   1.613007000000000E-01
   1.910400000000000E-01,   0.626678000000000E-01
   1.972656000000000E-01,  -6.278992000000000E-02
   1.275330000000000E-01,  -1.714935000000000E-01
   0.010986000000000E-01,  -2.186890000000000E-01
  -1.334076000000000E-01,  -1.756134000000000E-01
  -2.144623000000000E-01,  -5.307007000000000E-02
  -1.976624000000000E-01,   0.968475000000000E-01
  -8.833313000000000E-02,   2.026367000000000E-01
   0.622406000000000E-01,   2.153778000000000E-01
   1.869965000000000E-01,   1.336670000000000E-01
   2.371826000000000E-01,  -3.662109000000000E-03
   1.983795000000000E-01,  -1.432800000000000E-01
   0.855255000000000E-01,  -2.382813000000000E-01
  -6.759644000000000E-02,  -2.504272000000000E-01
  -2.055969000000000E-01,  -1.668091000000000E-01
  -2.662048000000000E-01,  -7.385254000000000E-03
  -2.128601000000000E-01,   1.609192000000000E-01
  -6.362915000000000E-02,   2.596436000000000E-01
   1.141205000000000E-01,   2.440186000000000E-01
   2.429810000000000E-01,   1.262054000000000E-01
   2.769165000000000E-01,  -4.165649000000000E-02
   2.085266000000000E-01,  -1.956635000000000E-01
   0.650024000000000E-01,  -2.838745000000000E-01
  -1.056213000000000E-01,  -2.747192000000000E-01
  -2.424774000000000E-01,  -1.655884000000000E-01
  -2.883301000000000E-01,   0.075989000000000E-01
  -2.192383000000000E-01,   1.751862000000000E-01
  -6.219482000000000E-02,   2.644348000000000E-01
   1.132355000000000E-01,   2.404175000000000E-01
   2.345886000000000E-01,   1.182251000000000E-01
   2.583923000000000E-01,  -4.714966000000000E-02
   1.827698000000000E-01,  -1.907806000000000E-01
   0.400391000000000E-01,  -2.615967000000000E-01
  -1.153412000000000E-01,  -2.360840000000000E-01
  -2.250519000000000E-01,  -1.239319000000000E-01
  -2.454529000000000E-01,   0.310364000000000E-01
  -1.678772000000000E-01,   1.645813000000000E-01
  -2.731323000000000E-02,   2.221222000000000E-01
   1.152802000000000E-01,   1.822510000000000E-01
   2.020569000000000E-01,   0.666809000000000E-01
   2.002258000000000E-01,  -7.476807000000000E-02
   1.147614000000000E-01,  -1.838531000000000E-01
  -1.824951000000000E-02,  -2.181244000000000E-01
  -1.439056000000000E-01,  -1.659698000000000E-01
  -2.118683000000000E-01,  -4.817200000000000E-02
  -1.950684000000000E-01,   0.875702000000000E-01
  -9.823608000000000E-02,   1.856842000000000E-01
   0.402679000000000E-01,   2.055206000000000E-01
   1.645203000000000E-01,   1.357727000000000E-01
   2.215118000000000E-01,   0.012817000000000E-01
   1.830139000000000E-01,  -1.434479000000000E-01
   0.605316000000000E-01,  -2.340851000000000E-01
  -9.371948000000000E-02,  -2.307129000000000E-01
  -2.140656000000000E-01,  -1.331787000000000E-01
  -2.519836000000000E-01,   0.178833000000000E-01
  -1.917877000000000E-01,   1.631317000000000E-01
  -5.531311000000000E-02,   2.457428000000000E-01
   1.073151000000000E-01,   2.308807000000000E-01
   2.316895000000000E-01,   1.188965000000000E-01
   2.630310000000000E-01,  -4.873657000000000E-02
   1.856537000000000E-01,  -2.023621000000000E-01
   0.312500000000000E-01,  -2.786865000000000E-01
  -1.370392000000000E-01,  -2.468719000000000E-01
  -2.541504000000000E-01,  -1.232605000000000E-01
  -2.769470000000000E-01,   0.461426000000000E-01
  -1.949921000000000E-01,   1.990662000000000E-01
  -3.619385000000000E-02,   2.747192000000000E-01
   1.396637000000000E-01,   2.393646000000000E-01
   2.586670000000000E-01,   1.043396000000000E-01
   2.714844000000000E-01,  -7.559204000000000E-02
   1.754761000000000E-01,  -2.248077000000000E-01
   0.120239000000000E-01,  -2.864380000000000E-01
  -1.534271000000000E-01,  -2.409210000000000E-01
  -2.606201000000000E-01,  -1.095886000000000E-01
  -2.695618000000000E-01,   0.592041000000000E-01
  -1.773224000000000E-01,   2.003326000000000E-01
  -1.937866000000000E-02,   2.585144000000000E-01
   1.402130000000000E-01,   2.094116000000000E-01
   2.379608000000000E-01,   0.758209000000000E-01
   2.354279000000000E-01,  -8.876038000000000E-02
   1.344452000000000E-01,  -2.172699000000000E-01
  -2.169800000000000E-02,  -2.573547000000000E-01
  -1.676636000000000E-01,  -1.954346000000000E-01
  -2.450256000000000E-01,  -6.172180000000000E-02
  -2.280731000000000E-01,   0.870209000000000E-01
  -1.297150000000000E-01,   1.958008000000000E-01
   0.135956000000000E-01,   2.267303000000000E-01
   1.500702000000000E-01,   1.661072000000000E-01
   2.235107000000000E-01,   0.301819000000000E-01
   1.940918000000000E-01,  -1.262817000000000E-01
   0.692902000000000E-01,  -2.287445000000000E-01
  -9.130859000000000E-02,  -2.273407000000000E-01
  -2.126617000000000E-01,  -1.275177000000000E-01
  -2.475586000000000E-01,   0.223083000000000E-01
  -1.872406000000000E-01,   1.621552000000000E-01
  -5.509949000000000E-02,   2.406158000000000E-01
   1.031189000000000E-01,   2.254333000000000E-01
   2.250214000000000E-01,   1.137543000000000E-01
   2.530823000000000E-01,  -5.529785000000000E-02
   1.694336000000000E-01,  -2.089081000000000E-01
   0.073853000000000E-01,  -2.796936000000000E-01
  -1.647034000000000E-01,  -2.383270000000000E-01
  -2.797852000000000E-01,  -1.026001000000000E-01
  -2.922363000000000E-01,   0.763245000000000E-01
  -1.954193000000000E-01,   2.304993000000000E-01
  -2.410889000000000E-02,   2.975769000000000E-01
   1.552734000000000E-01,   2.484589000000000E-01
   2.698059000000000E-01,   1.022034000000000E-01
   2.751465000000000E-01,  -8.340454000000000E-02
   1.709442000000000E-01,  -2.364807000000000E-01
  -3.692627000000000E-03,  -2.998352000000000E-01
  -1.828003000000000E-01,  -2.483521000000000E-01
  -2.979431000000000E-01,  -1.004944000000000E-01
  -3.030701000000000E-01,   0.856018000000000E-01
  -1.969452000000000E-01,   2.380981000000000E-01
  -2.432251000000000E-02,   2.962341000000000E-01
   1.468353000000000E-01,   2.408752000000000E-01
   2.507019000000000E-01,   0.979309000000000E-01
   2.482910000000000E-01,  -7.728577000000000E-02
   1.430969000000000E-01,  -2.156219000000000E-01
  -2.389526000000000E-02,  -2.626648000000000E-01
  -1.837769000000000E-01,  -1.980286000000000E-01
  -2.702637000000000E-01,  -5.114746000000000E-02
  -2.495728000000000E-01,   1.149597000000000E-01
  -1.343689000000000E-01,   2.320709000000000E-01
   0.246277000000000E-01,   2.553406000000000E-01
   1.638794000000000E-01,   1.786346000000000E-01
   2.277527000000000E-01,   0.344849000000000E-01
   1.904297000000000E-01,  -1.185150000000000E-01
   0.672455000000000E-01,  -2.162628000000000E-01
  -8.998108000000000E-02,  -2.185364000000000E-01
  -2.152863000000000E-01,  -1.228638000000000E-01
  -2.565308000000000E-01,   0.288696000000000E-01
  -1.966095000000000E-01,   1.748047000000000E-01
  -5.996704000000000E-02,   2.555237000000000E-01
   1.009064000000000E-01,   2.360382000000000E-01
   2.171173000000000E-01,   1.182709000000000E-01
   2.351685000000000E-01,  -4.824829000000000E-02
   1.448669000000000E-01,  -1.904602000000000E-01
  -1.341248000000000E-02,  -2.466736000000000E-01
  -1.731110000000000E-01,  -1.958771000000000E-01
  -2.702332000000000E-01,  -5.932617000000000E-02
  -2.690125000000000E-01,   1.089478000000000E-01
  -1.672821000000000E-01,   2.462311000000000E-01
  -4.882813000000000E-04,   2.989197000000000E-01
   1.697998000000000E-01,   2.401428000000000E-01
   2.715149000000000E-01,   0.855713000000000E-01
   2.579956000000000E-01,  -1.017456000000000E-01
   1.307068000000000E-01,  -2.423401000000000E-01
  -5.410767000000000E-02,  -2.755127000000000E-01
  -2.204742000000000E-01,  -1.922302000000000E-01
  -3.027039000000000E-01,  -2.929688000000000E-02
  -2.763367000000000E-01,   1.488953000000000E-01
  -1.530762000000000E-01,   2.792053000000000E-01
   0.238953000000000E-01,   3.164368000000000E-01
   1.931152000000000E-01,   2.429199000000000E-01
   2.891541000000000E-01,   0.805969000000000E-01
   2.683105000000000E-01,  -1.097107000000000E-01
   1.365204000000000E-01,  -2.492065000000000E-01
  -5.105591000000000E-02,  -2.799377000000000E-01
  -2.160797000000000E-01,  -1.935120000000000E-01
  -2.951050000000000E-01,  -3.091431000000000E-02
  -2.632141000000000E-01,   1.416626000000000E-01
  -1.398010000000000E-01,   2.613525000000000E-01
   0.266418000000000E-01,   2.861328000000000E-01
   1.757507000000000E-01,   2.087097000000000E-01
   2.484741000000000E-01,   0.568542000000000E-01
   2.146759000000000E-01,  -1.087952000000000E-01
   0.843964000000000E-01,  -2.192230000000000E-01
  -8.505249000000000E-02,  -2.236633000000000E-01
  -2.179260000000000E-01,  -1.227112000000000E-01
  -2.581177000000000E-01,   0.347900000000000E-01
  -1.965790000000000E-01,   1.791992000000000E-01
  -6.469727000000000E-02,   2.557983000000000E-01
   0.852356000000000E-01,   2.409821000000000E-01
   1.980286000000000E-01,   1.390533000000000E-01
   2.276001000000000E-01,  -1.437378000000000E-02
   1.518250000000000E-01,  -1.577759000000000E-01
  -8.850098000000000E-04,  -2.212677000000000E-01
  -1.606293000000000E-01,  -1.717987000000000E-01
  -2.530212000000000E-01,  -3.363037000000000E-02
  -2.406921000000000E-01,   1.307526000000000E-01
  -1.324768000000000E-01,   2.555542000000000E-01
   0.300903000000000E-01,   2.918396000000000E-01
   1.856232000000000E-01,   2.237091000000000E-01
   2.718811000000000E-01,   0.726929000000000E-01
   2.498932000000000E-01,  -1.030273000000000E-01
   1.244659000000000E-01,  -2.321625000000000E-01
  -5.368042000000000E-02,  -2.601013000000000E-01
  -2.147217000000000E-01,  -1.758270000000000E-01
  -2.944031000000000E-01,  -1.126099000000000E-02
  -2.615356000000000E-01,   1.694641000000000E-01
  -1.263733000000000E-01,   2.958069000000000E-01
   0.571899000000000E-01,   3.182068000000000E-01
   2.189484000000000E-01,   2.282867000000000E-01
   2.956543000000000E-01,   0.608215000000000E-01
   2.614746000000000E-01,  -1.196594000000000E-01
   1.255798000000000E-01,  -2.464294000000000E-01
  -5.889893000000000E-02,  -2.677307000000000E-01
  -2.209320000000000E-01,  -1.736755000000000E-01
  -2.933350000000000E-01,  -1.525879000000000E-03
  -2.487488000000000E-01,   1.774445000000000E-01
  -1.082764000000000E-01,   2.928772000000000E-01
   0.699463000000000E-01,   3.041687000000000E-01
   2.196655000000000E-01,   2.100983000000000E-01
   2.860413000000000E-01,   0.464172000000000E-01
   2.422943000000000E-01,  -1.247406000000000E-01
   1.038818000000000E-01,  -2.357788000000000E-01
  -7.194519000000000E-02,  -2.384186000000000E-01
  -2.102203000000000E-01,  -1.346741000000000E-01
  -2.554932000000000E-01,   0.281067000000000E-01
  -1.948700000000000E-01,   1.816559000000000E-01
  -5.709839000000000E-02,   2.666626000000000E-01
   1.027222000000000E-01,   2.521973000000000E-01
   2.220154000000000E-01,   1.457214000000000E-01
   2.518921000000000E-01,  -1.263428000000000E-02
   1.771698000000000E-01,  -1.565094000000000E-01
   0.291138000000000E-01,  -2.215881000000000E-01
  -1.258698000000000E-01,  -1.804657000000000E-01
  -2.208099000000000E-01,  -5.299377000000000E-02
  -2.169647000000000E-01,   1.043396000000000E-01
  -1.185913000000000E-01,   2.260590000000000E-01
   0.348206000000000E-01,   2.635498000000000E-01
   1.814880000000000E-01,   1.987457000000000E-01
   2.583618000000000E-01,   0.543213000000000E-01
   2.288513000000000E-01,  -1.091614000000000E-01
   1.023102000000000E-01,  -2.204895000000000E-01
  -6.712341000000000E-02,  -2.293243000000000E-01
  -2.069092000000000E-01,  -1.312256000000000E-01
  -2.585144000000000E-01,   0.320740000000000E-01
  -2.013855000000000E-01,   1.942596000000000E-01
  -5.813599000000000E-02,   2.912903000000000E-01
   1.157532000000000E-01,   2.852478000000000E-01
   2.537842000000000E-01,   1.774597000000000E-01
   3.038330000000000E-01,   0.080566000000000E-01
   2.449341000000000E-01,  -1.605377000000000E-01
   0.964661000000000E-01,  -2.641602000000000E-01
  -8.847046000000000E-02,  -2.590637000000000E-01
  -2.346954000000000E-01,  -1.427917000000000E-01
  -2.811279000000000E-01,   0.388184000000000E-01
  -2.104950000000000E-01,   2.103424000000000E-01
  -5.502319000000000E-02,   3.056946000000000E-01
   1.246033000000000E-01,   2.942810000000000E-01
   2.652893000000000E-01,   1.824646000000000E-01
   3.171387000000000E-01,   0.090942000000000E-01
   2.572327000000000E-01,  -1.646118000000000E-01
   1.045532000000000E-01,  -2.697754000000000E-01
  -8.142090000000000E-02,  -2.622070000000000E-01
  -2.229462000000000E-01,  -1.445007000000000E-01
  -2.644043000000000E-01,   0.302429000000000E-01
