  -9.157562000000000E-02,  -7.745361000000000E-02
  -1.265259000000000E-01,   0.028839000000000E-01
  -9.828949000000000E-02,   8.375549000000000E-02
  -2.870178000000000E-02,   1.247025000000000E-01
   4.521179000000000E-02,   1.156387000000000E-01
   9.754181000000000E-02,   7.005310000000000E-02
   1.178513000000000E-01,   0.640106000000000E-02
   1.021423000000000E-01,  -6.080627000000000E-02
   4.810333000000000E-02,  -1.134186000000000E-01
  -3.518677000000000E-02,  -1.252441000000000E-01
  -1.143188000000000E-01,  -7.730865000000000E-02
  -1.430511000000000E-01,   0.162201000000000E-01
  -9.989166000000000E-02,   1.050110000000000E-01
  -1.275635000000000E-02,   1.389160000000000E-01
   6.535339000000000E-02,   1.098785000000000E-01
   1.019287000000000E-01,   4.961395000000000E-02
   1.003036000000000E-01,  -7.995605000000000E-03
   7.747650000000000E-02,  -5.323029000000000E-02
   3.611755000000000E-02,  -8.629608000000000E-02
  -2.420807000000000E-02,  -9.416199000000000E-02
  -8.380127000000000E-02,  -5.886841000000000E-02
  -1.068192000000000E-01,   1.178741000000000E-02
  -7.582092000000000E-02,   8.018494000000000E-02
  -9.040833000000000E-03,   1.091461000000000E-01
   5.519104000000000E-02,   8.895111000000000E-02
   8.908844000000000E-02,   3.820801000000000E-02
   8.664703000000000E-02,  -1.627350000000000E-02
   5.812454000000000E-02,  -5.678558000000000E-02
   1.514435000000000E-02,  -7.766724000000000E-02
  -3.651428000000000E-02,  -7.524872000000000E-02
  -8.632660000000000E-02,  -3.913879000000000E-02
  -1.062088000000000E-01,   3.162384000000000E-02
  -6.845856000000000E-02,   1.080093000000000E-01
   0.200500000000000E-01,   1.401825000000000E-01
   1.111984000000000E-01,   9.917450000000000E-02
   1.482697000000000E-01,   0.054321000000000E-01
   1.137543000000000E-01,  -8.473969000000000E-02
   0.362854000000000E-01,  -1.291199000000000E-01
  -4.538727000000000E-02,  -1.222839000000000E-01
  -1.120224000000000E-01,  -7.612610000000000E-02
  -1.492310000000000E-01,   0.044250000000000E-01
  -1.312714000000000E-01,   1.054230000000000E-01
  -4.415894000000000E-02,   1.819000000000000E-01
   0.822296000000000E-01,   1.841278000000000E-01
   1.834869000000000E-01,   0.985718000000000E-01
   2.038116000000000E-01,  -3.350830000000000E-02
   1.357727000000000E-01,  -1.448975000000000E-01
   0.187836000000000E-01,  -1.879272000000000E-01
  -9.504700000000000E-02,  -1.539459000000000E-01
  -1.659851000000000E-01,  -6.341553000000000E-02
  -1.725006000000000E-01,   0.497131000000000E-01
  -1.127319000000000E-01,   1.467285000000000E-01
  -6.225586000000000E-03,   1.912994000000000E-01
   1.078339000000000E-01,   1.640778000000000E-01
   1.837463000000000E-01,   0.731049000000000E-01
   1.893768000000000E-01,  -4.693604000000000E-02
   1.192932000000000E-01,  -1.450958000000000E-01
   0.044861000000000E-01,  -1.780396000000000E-01
  -1.026611000000000E-01,  -1.320038000000000E-01
  -1.539459000000000E-01,  -3.369141000000000E-02
  -1.351929000000000E-01,   0.675354000000000E-01
  -6.619263000000000E-02,   1.328278000000000E-01
   0.212860000000000E-01,   1.475525000000000E-01
   1.010666000000000E-01,   1.135559000000000E-01
   1.503296000000000E-01,   0.405731000000000E-01
   1.492310000000000E-01,  -5.221558000000000E-02
   0.892944000000000E-01,  -1.310120000000000E-01
  -1.252747000000000E-02,  -1.558685000000000E-01
  -1.092758000000000E-01,  -1.076660000000000E-01
  -1.513214000000000E-01,  -7.278442000000000E-03
  -1.189117000000000E-01,   9.349060000000000E-02
  -3.492737000000000E-02,   1.484222000000000E-01
   0.589752000000000E-01,   1.432037000000000E-01
   1.310272000000000E-01,   0.890045000000000E-01
   1.644592000000000E-01,   0.031281000000000E-01
   1.439056000000000E-01,  -9.466553000000000E-02
   0.597534000000000E-01,  -1.693420000000000E-01
  -6.555176000000000E-02,  -1.743164000000000E-01
  -1.707611000000000E-01,  -8.892822000000000E-02
  -1.931763000000000E-01,   0.500183000000000E-01
  -1.182098000000000E-01,   1.694794000000000E-01
   0.120392000000000E-01,   2.131500000000000E-01
   1.374664000000000E-01,   1.702118000000000E-01
   2.126160000000000E-01,   0.655975000000000E-01
   2.159271000000000E-01,  -6.237793000000000E-02
   1.456451000000000E-01,  -1.734467000000000E-01
   0.179749000000000E-01,  -2.249756000000000E-01
  -1.211548000000000E-01,  -1.893616000000000E-01
  -2.133484000000000E-01,  -7.130432000000000E-02
  -2.125244000000000E-01,   0.825195000000000E-01
  -1.135254000000000E-01,   2.030334000000000E-01
   0.378113000000000E-01,   2.354584000000000E-01
   1.743317000000000E-01,   1.676636000000000E-01
   2.373657000000000E-01,   0.340881000000000E-01
   2.082825000000000E-01,  -1.039886000000000E-01
   1.090698000000000E-01,  -1.938477000000000E-01
  -1.846313000000000E-02,  -2.092743000000000E-01
  -1.303101000000000E-01,  -1.533508000000000E-01
  -1.920929000000000E-01,  -4.246521000000000E-02
  -1.752777000000000E-01,   0.878296000000000E-01
  -7.939148000000000E-02,   1.822510000000000E-01
   0.555725000000000E-01,   1.943970000000000E-01
   1.646881000000000E-01,   1.185455000000000E-01
   1.994476000000000E-01,  -4.241943000000000E-03
   1.524963000000000E-01,  -1.150208000000000E-01
   0.550995000000000E-01,  -1.705780000000000E-01
  -4.916382000000000E-02,  -1.602783000000000E-01
  -1.276703000000000E-01,  -9.632874000000000E-02
  -1.579742000000000E-01,   0.011292000000000E-01
  -1.253510000000000E-01,   1.028442000000000E-01
  -3.282166000000000E-02,   1.678619000000000E-01
   0.856781000000000E-01,   1.607971000000000E-01
   1.765442000000000E-01,   0.769348000000000E-01
   1.926422000000000E-01,  -4.925537000000000E-02
   1.227570000000000E-01,  -1.575165000000000E-01
   0.005188000000000E-01,  -1.954193000000000E-01
  -1.158600000000000E-01,  -1.497192000000000E-01
  -1.799469000000000E-01,  -4.608154000000000E-02
  -1.727295000000000E-01,   0.743256000000000E-01
  -9.718323000000000E-02,   1.726227000000000E-01
   0.292053000000000E-01,   2.123260000000000E-01
   1.641388000000000E-01,   1.652222000000000E-01
   2.467041000000000E-01,   0.364685000000000E-01
   2.285767000000000E-01,  -1.237335000000000E-01
   1.095581000000000E-01,  -2.396088000000000E-01
  -5.657959000000000E-02,  -2.545776000000000E-01
  -1.944733000000000E-01,  -1.644287000000000E-01
  -2.489624000000000E-01,  -1.301575000000000E-02
  -2.055511000000000E-01,   1.384583000000000E-01
  -8.410645000000000E-02,   2.372131000000000E-01
   0.734711000000000E-01,   2.493134000000000E-01
   2.125702000000000E-01,   1.666718000000000E-01
   2.781372000000000E-01,   0.142822000000000E-01
   2.394257000000000E-01,  -1.507874000000000E-01
   1.073303000000000E-01,  -2.615356000000000E-01
  -6.704712000000000E-02,  -2.690125000000000E-01
  -2.091370000000000E-01,  -1.669922000000000E-01
  -2.562866000000000E-01,  -1.403809000000000E-03
  -1.923676000000000E-01,   1.525879000000000E-01
  -5.435181000000000E-02,   2.315521000000000E-01
   0.950470000000000E-01,   2.143250000000000E-01
   2.030029000000000E-01,   1.185150000000000E-01
   2.376251000000000E-01,  -1.911926000000000E-02
   1.858673000000000E-01,  -1.534576000000000E-01
   0.622101000000000E-01,  -2.334595000000000E-01
  -8.787537000000000E-02,  -2.207947000000000E-01
  -1.970825000000000E-01,  -1.152649000000000E-01
  -2.138672000000000E-01,   0.325775000000000E-01
  -1.372375000000000E-01,   1.529388000000000E-01
  -9.750366000000000E-03,   1.984100000000000E-01
   1.136780000000000E-01,   1.614227000000000E-01
   1.909943000000000E-01,   0.626068000000000E-01
   1.973724000000000E-01,  -6.280518000000000E-02
   1.276703000000000E-01,  -1.714630000000000E-01
   0.009918000000000E-01,  -2.187958000000000E-01
  -1.334229000000000E-01,  -1.756744000000000E-01
  -2.143250000000000E-01,  -5.325317000000000E-02
  -1.976776000000000E-01,   0.966492000000000E-01
  -8.851624000000000E-02,   2.025299000000000E-01
   0.622711000000000E-01,   2.154388000000000E-01
   1.870728000000000E-01,   1.336670000000000E-01
   2.372284000000000E-01,  -3.540039000000000E-03
   1.984558000000000E-01,  -1.435089000000000E-01
   0.853882000000000E-01,  -2.381439000000000E-01
  -6.762695000000000E-02,  -2.504883000000000E-01
  -2.059326000000000E-01,  -1.668091000000000E-01
  -2.663879000000000E-01,  -7.629395000000000E-03
  -2.127991000000000E-01,   1.605377000000000E-01
  -6.341553000000000E-02,   2.597656000000000E-01
   1.140289000000000E-01,   2.440033000000000E-01
   2.431793000000000E-01,   1.259460000000000E-01
   2.767944000000000E-01,  -4.196167000000000E-02
   2.085266000000000E-01,  -1.957550000000000E-01
   0.650940000000000E-01,  -2.840576000000000E-01
  -1.056824000000000E-01,  -2.747498000000000E-01
  -2.427063000000000E-01,  -1.657104000000000E-01
  -2.884216000000000E-01,   0.075989000000000E-01
  -2.191162000000000E-01,   1.755829000000000E-01
  -6.225586000000000E-02,   2.644043000000000E-01
   1.131897000000000E-01,   2.402954000000000E-01
   2.344360000000000E-01,   1.182404000000000E-01
   2.584839000000000E-01,  -4.696655000000000E-02
   1.826935000000000E-01,  -1.909180000000000E-01
   0.405273000000000E-01,  -2.617188000000000E-01
  -1.151886000000000E-01,  -2.359619000000000E-01
  -2.252350000000000E-01,  -1.239777000000000E-01
  -2.456665000000000E-01,   0.307922000000000E-01
  -1.678314000000000E-01,   1.647644000000000E-01
  -2.754211000000000E-02,   2.223511000000000E-01
   1.152344000000000E-01,   1.824646000000000E-01
   2.019958000000000E-01,   0.666962000000000E-01
   2.001343000000000E-01,  -7.460022000000000E-02
   1.145325000000000E-01,  -1.840210000000000E-01
  -1.811218000000000E-02,  -2.184296000000000E-01
  -1.439514000000000E-01,  -1.660156000000000E-01
  -2.120361000000000E-01,  -4.797363000000000E-02
  -1.946716000000000E-01,   0.875702000000000E-01
  -9.808350000000000E-02,   1.858978000000000E-01
   0.402374000000000E-01,   2.055206000000000E-01
   1.645966000000000E-01,   1.358643000000000E-01
   2.215424000000000E-01,   0.012207000000000E-01
   1.829834000000000E-01,  -1.434631000000000E-01
   0.606232000000000E-01,  -2.339935000000000E-01
  -9.361267000000000E-02,  -2.307129000000000E-01
  -2.143555000000000E-01,  -1.332092000000000E-01
  -2.521057000000000E-01,   0.178833000000000E-01
  -1.922607000000000E-01,   1.630096000000000E-01
  -5.528259000000000E-02,   2.458954000000000E-01
   1.073761000000000E-01,   2.308350000000000E-01
   2.317810000000000E-01,   1.190033000000000E-01
   2.630310000000000E-01,  -4.870605000000000E-02
   1.857758000000000E-01,  -2.022705000000000E-01
   0.313721000000000E-01,  -2.785339000000000E-01
  -1.369324000000000E-01,  -2.467346000000000E-01
  -2.540894000000000E-01,  -1.232300000000000E-01
  -2.770386000000000E-01,   0.458984000000000E-01
  -1.954956000000000E-01,   1.989288000000000E-01
  -3.625488000000000E-02,   2.748718000000000E-01
   1.394043000000000E-01,   2.394714000000000E-01
   2.586975000000000E-01,   1.042175000000000E-01
   2.717590000000000E-01,  -7.540894000000000E-02
   1.755981000000000E-01,  -2.247620000000000E-01
   0.119629000000000E-01,  -2.864075000000000E-01
  -1.534729000000000E-01,  -2.411499000000000E-01
  -2.605286000000000E-01,  -1.096191000000000E-01
  -2.694702000000000E-01,   0.594482000000000E-01
  -1.774292000000000E-01,   2.001801000000000E-01
  -1.962280000000000E-02,   2.583008000000000E-01
   1.401825000000000E-01,   2.094879000000000E-01
   2.379150000000000E-01,   0.759277000000000E-01
   2.355804000000000E-01,  -8.848572000000000E-02
   1.345520000000000E-01,  -2.170258000000000E-01
  -2.182007000000000E-02,  -2.572327000000000E-01
  -1.678772000000000E-01,  -1.952667000000000E-01
  -2.447815000000000E-01,  -6.164551000000000E-02
  -2.282104000000000E-01,   0.871582000000000E-01
  -1.297455000000000E-01,   1.958618000000000E-01
   0.134430000000000E-01,   2.270813000000000E-01
   1.502075000000000E-01,   1.659393000000000E-01
   2.236938000000000E-01,   0.301361000000000E-01
   1.939392000000000E-01,  -1.263885000000000E-01
   0.690002000000000E-01,  -2.287903000000000E-01
  -9.143066000000000E-02,  -2.273712000000000E-01
  -2.126770000000000E-01,  -1.276855000000000E-01
  -2.475739000000000E-01,   0.223236000000000E-01
  -1.874542000000000E-01,   1.619720000000000E-01
  -5.496216000000000E-02,   2.405853000000000E-01
   1.029663000000000E-01,   2.253265000000000E-01
   2.248688000000000E-01,   1.137695000000000E-01
   2.528687000000000E-01,  -5.535889000000000E-02
   1.690826000000000E-01,  -2.086487000000000E-01
   0.075989000000000E-01,  -2.792969000000000E-01
  -1.650391000000000E-01,  -2.384338000000000E-01
  -2.794189000000000E-01,  -1.027222000000000E-01
  -2.922974000000000E-01,   0.765381000000000E-01
  -1.957855000000000E-01,   2.306671000000000E-01
  -2.435303000000000E-02,   2.972717000000000E-01
   1.551056000000000E-01,   2.485962000000000E-01
   2.695313000000000E-01,   1.021423000000000E-01
   2.755432000000000E-01,  -8.328247000000000E-02
   1.709595000000000E-01,  -2.368317000000000E-01
  -3.509521000000000E-03,  -2.998352000000000E-01
  -1.828003000000000E-01,  -2.484589000000000E-01
  -2.980347000000000E-01,  -1.006165000000000E-01
  -3.028564000000000E-01,   0.859070000000000E-01
  -1.967773000000000E-01,   2.375336000000000E-01
  -2.398682000000000E-02,   2.958374000000000E-01
   1.468353000000000E-01,   2.408447000000000E-01
   2.506104000000000E-01,   0.978394000000000E-01
   2.485962000000000E-01,  -7.731628000000000E-02
   1.434479000000000E-01,  -2.154846000000000E-01
  -2.352905000000000E-02,  -2.624512000000000E-01
  -1.837769000000000E-01,  -1.981049000000000E-01
  -2.702942000000000E-01,  -5.093384000000000E-02
  -2.495880000000000E-01,   1.151428000000000E-01
  -1.348114000000000E-01,   2.321320000000000E-01
   0.244751000000000E-01,   2.554321000000000E-01
   1.638031000000000E-01,   1.785583000000000E-01
   2.279053000000000E-01,   0.346222000000000E-01
   1.905518000000000E-01,  -1.184082000000000E-01
   0.671692000000000E-01,  -2.165985000000000E-01
  -8.972168000000000E-02,  -2.181396000000000E-01
  -2.152863000000000E-01,  -1.230774000000000E-01
  -2.567444000000000E-01,   0.284729000000000E-01
  -1.969910000000000E-01,   1.749115000000000E-01
  -5.969238000000000E-02,   2.553101000000000E-01
   1.009369000000000E-01,   2.356873000000000E-01
   2.168884000000000E-01,   1.181183000000000E-01
   2.350922000000000E-01,  -4.798889000000000E-02
   1.449432000000000E-01,  -1.905060000000000E-01
  -1.367188000000000E-02,  -2.467346000000000E-01
  -1.731873000000000E-01,  -1.959076000000000E-01
  -2.703857000000000E-01,  -5.935669000000000E-02
  -2.687683000000000E-01,   1.089783000000000E-01
  -1.674194000000000E-01,   2.461853000000000E-01
  -5.493164000000000E-04,   2.989502000000000E-01
   1.696014000000000E-01,   2.400055000000000E-01
   2.716980000000000E-01,   0.857239000000000E-01
   2.579346000000000E-01,  -1.016846000000000E-01
   1.312714000000000E-01,  -2.422791000000000E-01
  -5.416870000000000E-02,  -2.759094000000000E-01
  -2.200928000000000E-01,  -1.923065000000000E-01
  -3.024902000000000E-01,  -2.917480000000000E-02
  -2.762756000000000E-01,   1.484680000000000E-01
  -1.529541000000000E-01,   2.790527000000000E-01
   0.237732000000000E-01,   3.164368000000000E-01
   1.933441000000000E-01,   2.427063000000000E-01
   2.890320000000000E-01,   0.807495000000000E-01
   2.682800000000000E-01,  -1.096802000000000E-01
   1.363220000000000E-01,  -2.492828000000000E-01
  -5.133057000000000E-02,  -2.800598000000000E-01
  -2.159729000000000E-01,  -1.935425000000000E-01
  -2.950745000000000E-01,  -3.094482000000000E-02
  -2.644958000000000E-01,   1.421509000000000E-01
  -1.412964000000000E-01,   2.612915000000000E-01
   0.266418000000000E-01,   2.862244000000000E-01
   1.746063000000000E-01,   2.088165000000000E-01
   2.482605000000000E-01,   0.570984000000000E-01
   2.148285000000000E-01,  -1.085510000000000E-01
   0.844269000000000E-01,  -2.191315000000000E-01
  -8.523560000000000E-02,  -2.238007000000000E-01
  -2.176666000000000E-01,  -1.226959000000000E-01
  -2.583618000000000E-01,   0.343323000000000E-01
  -1.968231000000000E-01,   1.787567000000000E-01
  -6.478882000000000E-02,   2.556763000000000E-01
   0.851898000000000E-01,   2.408752000000000E-01
   1.980286000000000E-01,   1.390076000000000E-01
   2.274628000000000E-01,  -1.420593000000000E-02
   1.520538000000000E-01,  -1.577148000000000E-01
  -8.239746000000000E-04,  -2.211456000000000E-01
  -1.605988000000000E-01,  -1.724548000000000E-01
  -2.527161000000000E-01,  -3.350830000000000E-02
  -2.411346000000000E-01,   1.307373000000000E-01
  -1.326294000000000E-01,   2.553711000000000E-01
   0.299683000000000E-01,   2.917175000000000E-01
   1.856689000000000E-01,   2.237854000000000E-01
   2.720337000000000E-01,   0.729675000000000E-01
   2.500916000000000E-01,  -1.029663000000000E-01
   1.247101000000000E-01,  -2.319946000000000E-01
  -5.340576000000000E-02,  -2.599792000000000E-01
  -2.147217000000000E-01,  -1.758118000000000E-01
  -2.943420000000000E-01,  -1.129150000000000E-02
  -2.613220000000000E-01,   1.693726000000000E-01
  -1.264648000000000E-01,   2.958984000000000E-01
   0.574341000000000E-01,   3.186035000000000E-01
   2.187195000000000E-01,   2.286072000000000E-01
   2.963257000000000E-01,   0.610352000000000E-01
   2.614441000000000E-01,  -1.194763000000000E-01
   1.260223000000000E-01,  -2.460175000000000E-01
  -5.917358000000000E-02,  -2.677612000000000E-01
  -2.210999000000000E-01,  -1.739807000000000E-01
  -2.934875000000000E-01,  -1.922607000000000E-03
  -2.488251000000000E-01,   1.774445000000000E-01
  -1.086426000000000E-01,   2.929382000000000E-01
   0.695496000000000E-01,   3.043518000000000E-01
   2.197418000000000E-01,   2.101440000000000E-01
   2.861633000000000E-01,   0.463562000000000E-01
   2.420959000000000E-01,  -1.249237000000000E-01
   1.043396000000000E-01,  -2.354279000000000E-01
  -7.182312000000000E-02,  -2.387085000000000E-01
  -2.101440000000000E-01,  -1.347656000000000E-01
  -2.552795000000000E-01,   0.278015000000000E-01
  -1.948853000000000E-01,   1.812592000000000E-01
  -5.694580000000000E-02,   2.663574000000000E-01
   1.025391000000000E-01,   2.525635000000000E-01
   2.218170000000000E-01,   1.455078000000000E-01
   2.518311000000000E-01,  -1.235962000000000E-02
   1.769257000000000E-01,  -1.564026000000000E-01
   0.291748000000000E-01,  -2.218018000000000E-01
  -1.263275000000000E-01,  -1.801910000000000E-01
  -2.207489000000000E-01,  -5.299377000000000E-02
  -2.166443000000000E-01,   1.043243000000000E-01
  -1.189728000000000E-01,   2.262573000000000E-01
   0.348816000000000E-01,   2.637634000000000E-01
   1.817932000000000E-01,   1.988983000000000E-01
   2.585449000000000E-01,   0.545349000000000E-01
   2.292175000000000E-01,  -1.094666000000000E-01
   1.022491000000000E-01,  -2.203979000000000E-01
  -6.726074000000000E-02,  -2.290955000000000E-01
  -2.069397000000000E-01,  -1.316528000000000E-01
  -2.584839000000000E-01,   0.316772000000000E-01
  -2.014465000000000E-01,   1.941376000000000E-01
  -5.831909000000000E-02,   2.909546000000000E-01
   1.157837000000000E-01,   2.848816000000000E-01
   2.538147000000000E-01,   1.775818000000000E-01
   3.039246000000000E-01,   0.079346000000000E-01
   2.448730000000000E-01,  -1.604614000000000E-01
   0.964355000000000E-01,  -2.643127000000000E-01
  -8.792114000000000E-02,  -2.587585000000000E-01
  -2.345581000000000E-01,  -1.428680000000000E-01
  -2.814331000000000E-01,   0.384216000000000E-01
  -2.108307000000000E-01,   2.104187000000000E-01
  -5.508423000000000E-02,   3.060303000000000E-01
   1.249390000000000E-01,   2.943726000000000E-01
   2.654114000000000E-01,   1.825562000000000E-01
   3.173828000000000E-01,   0.093384000000000E-01
   2.569885000000000E-01,  -1.647339000000000E-01
   1.046448000000000E-01,  -2.698059000000000E-01
  -8.123779000000000E-02,  -2.618713000000000E-01
  -2.228088000000000E-01,  -1.448364000000000E-01
  -2.645874000000000E-01,   0.300598000000000E-01
