  -9.146881000000000E-02,  -7.749176000000000E-02
  -1.264038000000000E-01,   0.028839000000000E-01
  -9.820557000000000E-02,   8.376312000000000E-02
  -2.880859000000000E-02,   1.245499000000000E-01
   4.515839000000000E-02,   1.155701000000000E-01
   9.743500000000000E-02,   7.015228000000000E-02
   1.177673000000000E-01,   0.649261000000000E-02
   1.021805000000000E-01,  -6.065369000000000E-02
   4.813385000000000E-02,  -1.134033000000000E-01
  -3.514099000000000E-02,  -1.251373000000000E-01
  -1.141891000000000E-01,  -7.716370000000000E-02
  -1.429596000000000E-01,   0.161743000000000E-01
  -1.000519000000000E-01,   1.050110000000000E-01
  -1.286316000000000E-02,   1.387939000000000E-01
   6.542969000000000E-02,   1.097717000000000E-01
   1.016846000000000E-01,   4.975891000000000E-02
   1.002960000000000E-01,  -7.858276000000000E-03
   7.732391000000000E-02,  -5.305481000000000E-02
   3.608704000000000E-02,  -8.622742000000000E-02
  -2.425385000000000E-02,  -9.406281000000000E-02
  -8.370209000000000E-02,  -5.888367000000000E-02
  -1.067047000000000E-01,   1.179504000000000E-02
  -7.579041000000000E-02,   8.012390000000000E-02
  -9.185791000000000E-03,   1.092148000000000E-01
   5.512238000000000E-02,   8.861542000000000E-02
   8.892822000000000E-02,   3.811646000000000E-02
   8.640289000000000E-02,  -1.633453000000000E-02
   5.829239000000000E-02,  -5.659103000000000E-02
   1.509857000000000E-02,  -7.757568000000000E-02
  -3.656006000000000E-02,  -7.501221000000000E-02
  -8.621979000000000E-02,  -3.896332000000000E-02
  -1.063766000000000E-01,   3.141785000000000E-02
  -6.853485000000000E-02,   1.077805000000000E-01
   0.200195000000000E-01,   1.401672000000000E-01
   1.108856000000000E-01,   9.898376000000000E-02
   1.481476000000000E-01,   0.055389000000000E-01
   1.138916000000000E-01,  -8.478546000000000E-02
   0.363464000000000E-01,  -1.291199000000000E-01
  -4.528809000000000E-02,  -1.223297000000000E-01
  -1.119919000000000E-01,  -7.611847000000000E-02
  -1.492462000000000E-01,   0.044708000000000E-01
  -1.314697000000000E-01,   1.054535000000000E-01
  -4.423523000000000E-02,   1.819153000000000E-01
   0.819397000000000E-01,   1.839905000000000E-01
   1.831055000000000E-01,   0.985565000000000E-01
   2.037506000000000E-01,  -3.330994000000000E-02
   1.360016000000000E-01,  -1.449738000000000E-01
   0.188751000000000E-01,  -1.879120000000000E-01
  -9.504700000000000E-02,  -1.540833000000000E-01
  -1.659546000000000E-01,  -6.346130000000000E-02
  -1.726685000000000E-01,   0.496368000000000E-01
  -1.127625000000000E-01,   1.467743000000000E-01
  -6.393433000000000E-03,   1.913300000000000E-01
   1.076202000000000E-01,   1.637421000000000E-01
   1.837616000000000E-01,   0.727997000000000E-01
   1.893463000000000E-01,  -4.695129000000000E-02
   1.194916000000000E-01,  -1.451111000000000E-01
   0.046539000000000E-01,  -1.779022000000000E-01
  -1.023865000000000E-01,  -1.319427000000000E-01
  -1.538086000000000E-01,  -3.370667000000000E-02
  -1.351776000000000E-01,   0.674591000000000E-01
  -6.651306000000000E-02,   1.330414000000000E-01
   0.213165000000000E-01,   1.476593000000000E-01
   1.007462000000000E-01,   1.136093000000000E-01
   1.502991000000000E-01,   0.406952000000000E-01
   1.492615000000000E-01,  -5.221558000000000E-02
   0.892487000000000E-01,  -1.312561000000000E-01
  -1.229858000000000E-02,  -1.560059000000000E-01
  -1.092453000000000E-01,  -1.078949000000000E-01
  -1.513367000000000E-01,  -7.324219000000000E-03
  -1.189117000000000E-01,   9.335327000000000E-02
  -3.515625000000000E-02,   1.483459000000000E-01
   0.587006000000000E-01,   1.431427000000000E-01
   1.312103000000000E-01,   0.888062000000000E-01
   1.644745000000000E-01,   0.035248000000000E-01
   1.439514000000000E-01,  -9.475708000000000E-02
   0.597229000000000E-01,  -1.693726000000000E-01
  -6.529236000000000E-02,  -1.746979000000000E-01
  -1.706085000000000E-01,  -8.883667000000000E-02
  -1.929016000000000E-01,   0.499115000000000E-01
  -1.182098000000000E-01,   1.695709000000000E-01
   0.121613000000000E-01,   2.131042000000000E-01
   1.374054000000000E-01,   1.701508000000000E-01
   2.123871000000000E-01,   0.655670000000000E-01
   2.159424000000000E-01,  -6.224060000000000E-02
   1.452789000000000E-01,  -1.734009000000000E-01
   0.183105000000000E-01,  -2.248840000000000E-01
  -1.213531000000000E-01,  -1.892548000000000E-01
  -2.133942000000000E-01,  -7.122803000000000E-02
  -2.122650000000000E-01,   0.825195000000000E-01
  -1.138153000000000E-01,   2.034454000000000E-01
   0.378723000000000E-01,   2.353821000000000E-01
   1.743927000000000E-01,   1.677246000000000E-01
   2.372284000000000E-01,   0.337982000000000E-01
   2.079926000000000E-01,  -1.039734000000000E-01
   1.087799000000000E-01,  -1.936340000000000E-01
  -1.815796000000000E-02,  -2.094116000000000E-01
  -1.301727000000000E-01,  -1.532898000000000E-01
  -1.921234000000000E-01,  -4.205322000000000E-02
  -1.754913000000000E-01,   0.876923000000000E-01
  -7.945251000000000E-02,   1.824799000000000E-01
   0.555878000000000E-01,   1.946106000000000E-01
   1.645203000000000E-01,   1.186981000000000E-01
   1.994934000000000E-01,  -4.257202000000000E-03
   1.524353000000000E-01,  -1.148376000000000E-01
   0.552063000000000E-01,  -1.704865000000000E-01
  -4.908752000000000E-02,  -1.602020000000000E-01
  -1.276245000000000E-01,  -9.634399000000000E-02
  -1.579895000000000E-01,   0.011292000000000E-01
  -1.253815000000000E-01,   1.026611000000000E-01
  -3.311157000000000E-02,   1.678619000000000E-01
   0.854645000000000E-01,   1.610413000000000E-01
   1.764526000000000E-01,   0.770874000000000E-01
   1.926270000000000E-01,  -4.910278000000000E-02
   1.227417000000000E-01,  -1.573792000000000E-01
   0.005341000000000E-01,  -1.954803000000000E-01
  -1.160126000000000E-01,  -1.499176000000000E-01
  -1.796875000000000E-01,  -4.624939000000000E-02
  -1.731415000000000E-01,   0.742035000000000E-01
  -9.712219000000000E-02,   1.726837000000000E-01
   0.290375000000000E-01,   2.122955000000000E-01
   1.638947000000000E-01,   1.653748000000000E-01
   2.467804000000000E-01,   0.364685000000000E-01
   2.286072000000000E-01,  -1.237488000000000E-01
   1.097565000000000E-01,  -2.395935000000000E-01
  -5.639648000000000E-02,  -2.543945000000000E-01
  -1.944122000000000E-01,  -1.644592000000000E-01
  -2.488861000000000E-01,  -1.303101000000000E-02
  -2.055359000000000E-01,   1.385803000000000E-01
  -8.442688000000000E-02,   2.372894000000000E-01
   0.737305000000000E-01,   2.494507000000000E-01
   2.122803000000000E-01,   1.668091000000000E-01
   2.780151000000000E-01,   0.145569000000000E-01
   2.396393000000000E-01,  -1.507416000000000E-01
   1.073608000000000E-01,  -2.614136000000000E-01
  -6.686401000000000E-02,  -2.691956000000000E-01
  -2.090302000000000E-01,  -1.671753000000000E-01
  -2.564087000000000E-01,  -1.464844000000000E-03
  -1.925659000000000E-01,   1.525269000000000E-01
  -5.470276000000000E-02,   2.315369000000000E-01
   0.949402000000000E-01,   2.143250000000000E-01
   2.028503000000000E-01,   1.186981000000000E-01
   2.376251000000000E-01,  -1.921082000000000E-02
   1.862488000000000E-01,  -1.535797000000000E-01
   0.627136000000000E-01,  -2.336884000000000E-01
  -8.744812000000000E-02,  -2.205353000000000E-01
  -1.967316000000000E-01,  -1.152496000000000E-01
  -2.139740000000000E-01,   0.325775000000000E-01
  -1.372528000000000E-01,   1.529541000000000E-01
  -9.780884000000000E-03,   1.986084000000000E-01
   1.137238000000000E-01,   1.615448000000000E-01
   1.910553000000000E-01,   0.627289000000000E-01
   1.973419000000000E-01,  -6.292725000000000E-02
   1.274872000000000E-01,  -1.716461000000000E-01
   0.011292000000000E-01,  -2.188263000000000E-01
  -1.338348000000000E-01,  -1.760101000000000E-01
  -2.145538000000000E-01,  -5.348206000000000E-02
  -1.975708000000000E-01,   0.967102000000000E-01
  -8.842468000000000E-02,   2.023468000000000E-01
   0.626068000000000E-01,   2.151337000000000E-01
   1.870422000000000E-01,   1.339111000000000E-01
   2.372284000000000E-01,  -3.784180000000000E-03
   1.981812000000000E-01,  -1.436005000000000E-01
   0.853577000000000E-01,  -2.381744000000000E-01
  -6.768799000000000E-02,  -2.513123000000000E-01
  -2.056274000000000E-01,  -1.665344000000000E-01
  -2.662659000000000E-01,  -7.354736000000000E-03
  -2.131348000000000E-01,   1.607513000000000E-01
  -6.341553000000000E-02,   2.591858000000000E-01
   1.139069000000000E-01,   2.442169000000000E-01
   2.431793000000000E-01,   1.259613000000000E-01
   2.765503000000000E-01,  -4.162598000000000E-02
   2.085571000000000E-01,  -1.957703000000000E-01
   0.652466000000000E-01,  -2.840576000000000E-01
  -1.057129000000000E-01,  -2.744446000000000E-01
  -2.424164000000000E-01,  -1.656494000000000E-01
  -2.885437000000000E-01,   0.079041000000000E-01
  -2.191467000000000E-01,   1.752167000000000E-01
  -6.204224000000000E-02,   2.650452000000000E-01
   1.130524000000000E-01,   2.403107000000000E-01
   2.345886000000000E-01,   1.179810000000000E-01
   2.584839000000000E-01,  -4.708862000000000E-02
   1.825714000000000E-01,  -1.905670000000000E-01
   0.401306000000000E-01,  -2.613831000000000E-01
  -1.156006000000000E-01,  -2.360535000000000E-01
  -2.251892000000000E-01,  -1.238861000000000E-01
  -2.453308000000000E-01,   0.306549000000000E-01
  -1.676941000000000E-01,   1.652069000000000E-01
  -2.766418000000000E-02,   2.222290000000000E-01
   1.154480000000000E-01,   1.822815000000000E-01
   2.019348000000000E-01,   0.666504000000000E-01
   2.003021000000000E-01,  -7.482910000000000E-02
   1.145325000000000E-01,  -1.837158000000000E-01
  -1.806641000000000E-02,  -2.182617000000000E-01
  -1.436005000000000E-01,  -1.659546000000000E-01
  -2.120972000000000E-01,  -4.821777000000000E-02
  -1.947632000000000E-01,   0.874634000000000E-01
  -9.831238000000000E-02,   1.857300000000000E-01
   0.402222000000000E-01,   2.055969000000000E-01
   1.645203000000000E-01,   1.358185000000000E-01
   2.215271000000000E-01,   0.013428000000000E-01
   1.831970000000000E-01,  -1.428375000000000E-01
   0.603638000000000E-01,  -2.347717000000000E-01
  -9.368896000000000E-02,  -2.305450000000000E-01
  -2.141266000000000E-01,  -1.331482000000000E-01
  -2.519226000000000E-01,   0.179749000000000E-01
  -1.917877000000000E-01,   1.628723000000000E-01
  -5.534363000000000E-02,   2.457275000000000E-01
   1.071930000000000E-01,   2.311859000000000E-01
   2.316895000000000E-01,   1.190643000000000E-01
   2.630310000000000E-01,  -4.882813000000000E-02
   1.857452000000000E-01,  -2.024231000000000E-01
   0.313110000000000E-01,  -2.781372000000000E-01
  -1.370850000000000E-01,  -2.471619000000000E-01
  -2.542419000000000E-01,  -1.236267000000000E-01
  -2.772217000000000E-01,   0.459900000000000E-01
  -1.951904000000000E-01,   1.985168000000000E-01
  -3.616333000000000E-02,   2.749329000000000E-01
   1.395721000000000E-01,   2.397156000000000E-01
   2.588196000000000E-01,   1.041565000000000E-01
   2.718506000000000E-01,  -7.540894000000000E-02
   1.755371000000000E-01,  -2.244873000000000E-01
   0.121460000000000E-01,  -2.861023000000000E-01
  -1.534271000000000E-01,  -2.413177000000000E-01
  -2.604065000000000E-01,  -1.097412000000000E-01
  -2.690735000000000E-01,   0.594482000000000E-01
  -1.773682000000000E-01,   1.999817000000000E-01
  -1.971436000000000E-02,   2.580566000000000E-01
   1.404572000000000E-01,   2.096863000000000E-01
   2.380066000000000E-01,   0.758667000000000E-01
   2.350922000000000E-01,  -8.822632000000000E-02
   1.344910000000000E-01,  -2.170868000000000E-01
  -2.178955000000000E-02,  -2.570496000000000E-01
  -1.679382000000000E-01,  -1.956787000000000E-01
  -2.447815000000000E-01,  -6.175232000000000E-02
  -2.279968000000000E-01,   0.870361000000000E-01
  -1.296844000000000E-01,   1.959686000000000E-01
   0.134888000000000E-01,   2.269897000000000E-01
   1.501312000000000E-01,   1.660309000000000E-01
   2.232513000000000E-01,   0.304108000000000E-01
   1.940002000000000E-01,  -1.260223000000000E-01
   0.691833000000000E-01,  -2.286682000000000E-01
  -9.115601000000000E-02,  -2.274323000000000E-01
  -2.127686000000000E-01,  -1.277466000000000E-01
  -2.473297000000000E-01,   0.221710000000000E-01
  -1.871948000000000E-01,   1.619720000000000E-01
  -5.520630000000000E-02,   2.407074000000000E-01
   1.030884000000000E-01,   2.250977000000000E-01
   2.247314000000000E-01,   1.137543000000000E-01
   2.530212000000000E-01,  -5.563354000000000E-02
   1.692047000000000E-01,  -2.086029000000000E-01
   0.076294000000000E-01,  -2.793884000000000E-01
  -1.647186000000000E-01,  -2.385406000000000E-01
  -2.794800000000000E-01,  -1.026917000000000E-01
  -2.921448000000000E-01,   0.767517000000000E-01
  -1.957550000000000E-01,   2.303314000000000E-01
  -2.398682000000000E-02,   2.974548000000000E-01
   1.550751000000000E-01,   2.483978000000000E-01
   2.698975000000000E-01,   1.020813000000000E-01
   2.757568000000000E-01,  -8.355713000000000E-02
   1.710205000000000E-01,  -2.364807000000000E-01
  -3.509521000000000E-03,  -2.998657000000000E-01
  -1.834564000000000E-01,  -2.487946000000000E-01
  -2.980347000000000E-01,  -1.006165000000000E-01
  -3.034363000000000E-01,   0.859680000000000E-01
  -1.971283000000000E-01,   2.377167000000000E-01
  -2.453613000000000E-02,   2.963867000000000E-01
   1.472321000000000E-01,   2.408295000000000E-01
   2.506714000000000E-01,   0.980835000000000E-01
   2.486725000000000E-01,  -7.737732000000000E-02
   1.432037000000000E-01,  -2.158813000000000E-01
  -2.383423000000000E-02,  -2.624207000000000E-01
  -1.840210000000000E-01,  -1.983948000000000E-01
  -2.705688000000000E-01,  -5.133057000000000E-02
  -2.496185000000000E-01,   1.150360000000000E-01
  -1.343994000000000E-01,   2.319946000000000E-01
   0.247192000000000E-01,   2.552795000000000E-01
   1.641388000000000E-01,   1.790161000000000E-01
   2.278748000000000E-01,   0.344238000000000E-01
   1.908569000000000E-01,  -1.183014000000000E-01
   0.672302000000000E-01,  -2.166290000000000E-01
  -8.995056000000000E-02,  -2.184601000000000E-01
  -2.156525000000000E-01,  -1.234436000000000E-01
  -2.568665000000000E-01,   0.289307000000000E-01
  -1.970062000000000E-01,   1.747131000000000E-01
  -5.990601000000000E-02,   2.555542000000000E-01
   1.007996000000000E-01,   2.358856000000000E-01
   2.169800000000000E-01,   1.184845000000000E-01
   2.351379000000000E-01,  -4.808044000000000E-02
   1.449432000000000E-01,  -1.907501000000000E-01
  -1.364136000000000E-02,  -2.469025000000000E-01
  -1.732025000000000E-01,  -1.952667000000000E-01
  -2.705688000000000E-01,  -5.963135000000000E-02
  -2.689514000000000E-01,   1.089478000000000E-01
  -1.675110000000000E-01,   2.462463000000000E-01
  -5.798340000000000E-04,   2.990723000000000E-01
   1.694489000000000E-01,   2.399445000000000E-01
   2.720642000000000E-01,   0.857544000000000E-01
   2.581482000000000E-01,  -1.014709000000000E-01
   1.311340000000000E-01,  -2.422638000000000E-01
  -5.401611000000000E-02,  -2.757263000000000E-01
  -2.200928000000000E-01,  -1.923523000000000E-01
  -3.029785000000000E-01,  -2.941895000000000E-02
  -2.765198000000000E-01,   1.485291000000000E-01
  -1.531067000000000E-01,   2.791748000000000E-01
   0.238953000000000E-01,   3.164063000000000E-01
   1.935730000000000E-01,   2.431030000000000E-01
   2.894287000000000E-01,   0.808716000000000E-01
   2.684631000000000E-01,  -1.097717000000000E-01
   1.364288000000000E-01,  -2.489319000000000E-01
  -5.166626000000000E-02,  -2.800293000000000E-01
  -2.161102000000000E-01,  -1.936035000000000E-01
  -2.953491000000000E-01,  -3.106689000000000E-02
  -2.642517000000000E-01,   1.427917000000000E-01
  -1.407471000000000E-01,   2.621765000000000E-01
   0.265808000000000E-01,   2.854919000000000E-01
   1.763763000000000E-01,   2.087250000000000E-01
   2.492218000000000E-01,   0.567474000000000E-01
   2.143860000000000E-01,  -1.098785000000000E-01
   0.842590000000000E-01,  -2.189636000000000E-01
  -8.506775000000000E-02,  -2.235565000000000E-01
  -2.175140000000000E-01,  -1.225586000000000E-01
  -2.583313000000000E-01,   0.346680000000000E-01
  -1.965332000000000E-01,   1.789398000000000E-01
  -6.484985000000000E-02,   2.561340000000000E-01
   0.852203000000000E-01,   2.408600000000000E-01
   1.982422000000000E-01,   1.387787000000000E-01
   2.276764000000000E-01,  -1.469421000000000E-02
   1.519623000000000E-01,  -1.574707000000000E-01
  -1.007080000000000E-03,  -2.214203000000000E-01
  -1.606750000000000E-01,  -1.719818000000000E-01
  -2.530518000000000E-01,  -3.314209000000000E-02
  -2.409058000000000E-01,   1.314392000000000E-01
  -1.328430000000000E-01,   2.554626000000000E-01
   0.301208000000000E-01,   2.920227000000000E-01
   1.854095000000000E-01,   2.236481000000000E-01
   2.716370000000000E-01,   0.727539000000000E-01
   2.503967000000000E-01,  -1.030884000000000E-01
   1.243744000000000E-01,  -2.321625000000000E-01
  -5.377197000000000E-02,  -2.600098000000000E-01
  -2.143860000000000E-01,  -1.758118000000000E-01
  -2.947083000000000E-01,  -1.113892000000000E-02
  -2.614746000000000E-01,   1.691284000000000E-01
  -1.264648000000000E-01,   2.960815000000000E-01
   0.574036000000000E-01,   3.187561000000000E-01
   2.186890000000000E-01,   2.286530000000000E-01
   2.963562000000000E-01,   0.610046000000000E-01
   2.613831000000000E-01,  -1.196594000000000E-01
   1.255188000000000E-01,  -2.458191000000000E-01
  -5.908203000000000E-02,  -2.679443000000000E-01
  -2.210388000000000E-01,  -1.734009000000000E-01
  -2.933960000000000E-01,  -1.739502000000000E-03
  -2.488708000000000E-01,   1.775665000000000E-01
  -1.087646000000000E-01,   2.930603000000000E-01
   0.695190000000000E-01,   3.039246000000000E-01
   2.198639000000000E-01,   2.102356000000000E-01
   2.857361000000000E-01,   0.466003000000000E-01
   2.422791000000000E-01,  -1.250305000000000E-01
   1.040955000000000E-01,  -2.357025000000000E-01
  -7.192993000000000E-02,  -2.390900000000000E-01
  -2.102509000000000E-01,  -1.350250000000000E-01
  -2.555542000000000E-01,   0.279846000000000E-01
  -1.953125000000000E-01,   1.813812000000000E-01
  -5.633545000000000E-02,   2.664490000000000E-01
   1.025085000000000E-01,   2.525330000000000E-01
   2.218933000000000E-01,   1.458435000000000E-01
   2.522278000000000E-01,  -1.275635000000000E-02
   1.770172000000000E-01,  -1.562347000000000E-01
   0.290833000000000E-01,  -2.216949000000000E-01
  -1.262054000000000E-01,  -1.804962000000000E-01
  -2.210846000000000E-01,  -5.339050000000000E-02
  -2.167053000000000E-01,   1.042175000000000E-01
  -1.189575000000000E-01,   2.263336000000000E-01
   0.346680000000000E-01,   2.636414000000000E-01
   1.813660000000000E-01,   1.987915000000000E-01
   2.587280000000000E-01,   0.541382000000000E-01
   2.290497000000000E-01,  -1.091919000000000E-01
   1.023560000000000E-01,  -2.205200000000000E-01
  -6.718445000000000E-02,  -2.296448000000000E-01
  -2.072144000000000E-01,  -1.311646000000000E-01
  -2.585144000000000E-01,   0.317993000000000E-01
  -2.015228000000000E-01,   1.943970000000000E-01
  -5.828857000000000E-02,   2.912598000000000E-01
   1.161499000000000E-01,   2.853088000000000E-01
   2.537842000000000E-01,   1.771545000000000E-01
   3.035583000000000E-01,   0.085449000000000E-01
   2.452850000000000E-01,  -1.604767000000000E-01
   0.965576000000000E-01,  -2.641296000000000E-01
  -8.825684000000000E-02,  -2.590027000000000E-01
  -2.351227000000000E-01,  -1.427917000000000E-01
  -2.815247000000000E-01,   0.385132000000000E-01
  -2.108459000000000E-01,   2.104034000000000E-01
  -5.529785000000000E-02,   3.060303000000000E-01
   1.245422000000000E-01,   2.943726000000000E-01
   2.653809000000000E-01,   1.827698000000000E-01
   3.174438000000000E-01,   0.090332000000000E-01
   2.570190000000000E-01,  -1.642151000000000E-01
   1.046448000000000E-01,  -2.698364000000000E-01
  -8.108521000000000E-02,  -2.619934000000000E-01
  -2.227325000000000E-01,  -1.449585000000000E-01
  -2.645874000000000E-01,   0.301208000000000E-01
