  -9.191895000000000E-02,  -7.823181000000000E-02
  -1.264648000000000E-01,   0.028229000000000E-01
  -9.821320000000000E-02,   8.366394000000000E-02
  -2.890778000000000E-02,   1.246185000000000E-01
   4.518127000000000E-02,   1.157227000000000E-01
   9.738159000000000E-02,   7.029724000000000E-02
   1.177750000000000E-01,   0.643921000000000E-02
   1.021805000000000E-01,  -6.060028000000000E-02
   4.824066000000000E-02,  -1.133575000000000E-01
  -3.506470000000000E-02,  -1.251831000000000E-01
  -1.142044000000000E-01,  -7.732391000000000E-02
  -1.428223000000000E-01,   0.162354000000000E-01
  -9.987640000000000E-02,   1.048584000000000E-01
  -1.289368000000000E-02,   1.389618000000000E-01
   6.532288000000000E-02,   1.098862000000000E-01
   1.016846000000000E-01,   4.964447000000000E-02
   1.001587000000000E-01,  -7.896423000000000E-03
   7.736969000000000E-02,  -5.305481000000000E-02
   3.616333000000000E-02,  -8.621216000000000E-02
  -2.406311000000000E-02,  -9.430695000000000E-02
  -8.374786000000000E-02,  -5.890656000000000E-02
  -1.069565000000000E-01,   1.182556000000000E-02
  -7.592773000000000E-02,   8.020782000000000E-02
  -9.262085000000000E-03,   1.093597000000000E-01
   5.513763000000000E-02,   8.889771000000000E-02
   8.882141000000000E-02,   3.821564000000000E-02
   8.662415000000000E-02,  -1.625824000000000E-02
   5.830383000000000E-02,  -5.665207000000000E-02
   1.540375000000000E-02,  -7.769775000000000E-02
  -3.645325000000000E-02,  -7.526398000000000E-02
  -8.609009000000000E-02,  -3.923798000000000E-02
  -1.063843000000000E-01,   3.137207000000000E-02
  -6.880951000000000E-02,   1.079178000000000E-01
   0.200958000000000E-01,   1.401062000000000E-01
   1.108093000000000E-01,   9.915161000000000E-02
   1.482391000000000E-01,   0.056305000000000E-01
   1.140366000000000E-01,  -8.477020000000000E-02
   0.364227000000000E-01,  -1.293488000000000E-01
  -4.536438000000000E-02,  -1.223755000000000E-01
  -1.118622000000000E-01,  -7.627869000000000E-02
  -1.494598000000000E-01,   0.043945000000000E-01
  -1.315308000000000E-01,   1.051636000000000E-01
  -4.446411000000000E-02,   1.819916000000000E-01
   0.820160000000000E-01,   1.841583000000000E-01
   1.833649000000000E-01,   0.988312000000000E-01
   2.037659000000000E-01,  -3.334045000000000E-02
   1.360779000000000E-01,  -1.450806000000000E-01
   0.191193000000000E-01,  -1.880646000000000E-01
  -9.501648000000000E-02,  -1.541901000000000E-01
  -1.660461000000000E-01,  -6.384277000000000E-02
  -1.726685000000000E-01,   0.496521000000000E-01
  -1.128693000000000E-01,   1.466980000000000E-01
  -6.317139000000000E-03,   1.915283000000000E-01
   1.074982000000000E-01,   1.638947000000000E-01
   1.837158000000000E-01,   0.731201000000000E-01
   1.890869000000000E-01,  -4.684448000000000E-02
   1.196442000000000E-01,  -1.452484000000000E-01
   0.047607000000000E-01,  -1.781311000000000E-01
  -1.022339000000000E-01,  -1.317749000000000E-01
  -1.537170000000000E-01,  -3.384399000000000E-02
  -1.350250000000000E-01,   0.673523000000000E-01
  -6.634521000000000E-02,   1.328430000000000E-01
   0.213318000000000E-01,   1.473694000000000E-01
   1.006775000000000E-01,   1.134033000000000E-01
   1.501312000000000E-01,   0.406036000000000E-01
   1.492462000000000E-01,  -5.224609000000000E-02
   0.894623000000000E-01,  -1.309814000000000E-01
  -1.234436000000000E-02,  -1.557159000000000E-01
  -1.091003000000000E-01,  -1.075516000000000E-01
  -1.512451000000000E-01,  -7.446289000000000E-03
  -1.190033000000000E-01,   9.338379000000000E-02
  -3.521729000000000E-02,   1.482086000000000E-01
   0.588226000000000E-01,   1.431274000000000E-01
   1.310272000000000E-01,   0.890961000000000E-01
   1.642761000000000E-01,   0.035400000000000E-01
   1.439819000000000E-01,  -9.468079000000000E-02
   0.601044000000000E-01,  -1.693878000000000E-01
  -6.562805000000000E-02,  -1.744080000000000E-01
  -1.707458000000000E-01,  -8.900452000000000E-02
  -1.929169000000000E-01,   0.500336000000000E-01
  -1.183624000000000E-01,   1.692352000000000E-01
   0.120239000000000E-01,   2.129974000000000E-01
   1.372528000000000E-01,   1.700592000000000E-01
   2.124939000000000E-01,   0.656281000000000E-01
   2.159271000000000E-01,  -6.222534000000000E-02
   1.455383000000000E-01,  -1.733551000000000E-01
   0.182190000000000E-01,  -2.248535000000000E-01
  -1.211395000000000E-01,  -1.893005000000000E-01
  -2.133331000000000E-01,  -7.122803000000000E-02
  -2.124939000000000E-01,   0.824127000000000E-01
  -1.141357000000000E-01,   2.028656000000000E-01
   0.378418000000000E-01,   2.353668000000000E-01
   1.743317000000000E-01,   1.677246000000000E-01
   2.373199000000000E-01,   0.338898000000000E-01
   2.083588000000000E-01,  -1.040039000000000E-01
   1.087952000000000E-01,  -1.935730000000000E-01
  -1.815796000000000E-02,  -2.093658000000000E-01
  -1.303406000000000E-01,  -1.532898000000000E-01
  -1.919556000000000E-01,  -4.252625000000000E-02
  -1.752777000000000E-01,   0.876007000000000E-01
  -7.963562000000000E-02,   1.824036000000000E-01
   0.554962000000000E-01,   1.943665000000000E-01
   1.647491000000000E-01,   1.186371000000000E-01
   1.994476000000000E-01,  -4.302979000000000E-03
   1.524658000000000E-01,  -1.147919000000000E-01
   0.551300000000000E-01,  -1.704102000000000E-01
  -4.895020000000000E-02,  -1.603546000000000E-01
  -1.274414000000000E-01,  -9.635925000000000E-02
  -1.579590000000000E-01,   0.010529000000000E-01
  -1.253052000000000E-01,   1.031342000000000E-01
  -3.294373000000000E-02,   1.678772000000000E-01
   0.854645000000000E-01,   1.610718000000000E-01
   1.763763000000000E-01,   0.769958000000000E-01
   1.925201000000000E-01,  -4.905701000000000E-02
   1.227722000000000E-01,  -1.574707000000000E-01
   0.003967000000000E-01,  -1.951599000000000E-01
  -1.159210000000000E-01,  -1.497650000000000E-01
  -1.798859000000000E-01,  -4.611206000000000E-02
  -1.730194000000000E-01,   0.742798000000000E-01
  -9.710693000000000E-02,   1.727753000000000E-01
   0.289307000000000E-01,   2.124786000000000E-01
   1.639709000000000E-01,   1.653595000000000E-01
   2.464294000000000E-01,   0.364838000000000E-01
   2.284546000000000E-01,  -1.237488000000000E-01
   1.098785000000000E-01,  -2.396240000000000E-01
  -5.645752000000000E-02,  -2.544861000000000E-01
  -1.941528000000000E-01,  -1.643219000000000E-01
  -2.489624000000000E-01,  -1.316833000000000E-02
  -2.056732000000000E-01,   1.386108000000000E-01
  -8.422852000000000E-02,   2.371368000000000E-01
   0.734711000000000E-01,   2.495575000000000E-01
   2.123108000000000E-01,   1.666412000000000E-01
   2.782288000000000E-01,   0.144653000000000E-01
   2.397766000000000E-01,  -1.506500000000000E-01
   1.072693000000000E-01,  -2.615967000000000E-01
  -6.689453000000000E-02,  -2.691650000000000E-01
  -2.089996000000000E-01,  -1.671906000000000E-01
  -2.562256000000000E-01,  -1.586914000000000E-03
  -1.924744000000000E-01,   1.526184000000000E-01
  -5.468750000000000E-02,   2.314758000000000E-01
   0.947571000000000E-01,   2.141418000000000E-01
   2.027893000000000E-01,   1.187439000000000E-01
   2.376404000000000E-01,  -1.933289000000000E-02
   1.862030000000000E-01,  -1.532898000000000E-01
   0.625763000000000E-01,  -2.334747000000000E-01
  -8.755493000000000E-02,  -2.207031000000000E-01
  -1.967773000000000E-01,  -1.152649000000000E-01
  -2.139587000000000E-01,   0.322876000000000E-01
  -1.371155000000000E-01,   1.530914000000000E-01
  -9.918213000000000E-03,   1.985474000000000E-01
   1.137848000000000E-01,   1.615601000000000E-01
   1.909180000000000E-01,   0.627289000000000E-01
   1.972961000000000E-01,  -6.272888000000000E-02
   1.275330000000000E-01,  -1.714325000000000E-01
   0.013428000000000E-01,  -2.186127000000000E-01
  -1.333771000000000E-01,  -1.757202000000000E-01
  -2.142944000000000E-01,  -5.339050000000000E-02
  -1.977692000000000E-01,   0.964508000000000E-01
  -8.843994000000000E-02,   2.025452000000000E-01
   0.624084000000000E-01,   2.151489000000000E-01
   1.870575000000000E-01,   1.335602000000000E-01
   2.372284000000000E-01,  -3.570557000000000E-03
   1.982574000000000E-01,  -1.436615000000000E-01
   0.853424000000000E-01,  -2.380066000000000E-01
  -6.719971000000000E-02,  -2.507324000000000E-01
  -2.058563000000000E-01,  -1.668396000000000E-01
  -2.662048000000000E-01,  -7.263184000000000E-03
  -2.128448000000000E-01,   1.607666000000000E-01
  -6.344604000000000E-02,   2.596741000000000E-01
   1.138306000000000E-01,   2.442169000000000E-01
   2.431183000000000E-01,   1.261292000000000E-01
   2.769165000000000E-01,  -4.174805000000000E-02
   2.089386000000000E-01,  -1.958771000000000E-01
   0.652161000000000E-01,  -2.842102000000000E-01
  -1.055908000000000E-01,  -2.744751000000000E-01
  -2.425690000000000E-01,  -1.657867000000000E-01
  -2.885132000000000E-01,   0.076904000000000E-01
  -2.192688000000000E-01,   1.751251000000000E-01
  -6.268311000000000E-02,   2.648621000000000E-01
   1.132355000000000E-01,   2.404633000000000E-01
   2.347260000000000E-01,   1.182251000000000E-01
   2.588806000000000E-01,  -4.721069000000000E-02
   1.828613000000000E-01,  -1.908417000000000E-01
   0.401611000000000E-01,  -2.621155000000000E-01
  -1.153107000000000E-01,  -2.361450000000000E-01
  -2.249756000000000E-01,  -1.237640000000000E-01
  -2.454224000000000E-01,   0.310059000000000E-01
  -1.680603000000000E-01,   1.650085000000000E-01
  -2.740479000000000E-02,   2.221680000000000E-01
   1.149902000000000E-01,   1.825409000000000E-01
   2.019806000000000E-01,   0.668640000000000E-01
   2.003021000000000E-01,  -7.467651000000000E-02
   1.146545000000000E-01,  -1.838684000000000E-01
  -1.806641000000000E-02,  -2.184143000000000E-01
  -1.436615000000000E-01,  -1.659546000000000E-01
  -2.121582000000000E-01,  -4.820251000000000E-02
  -1.950226000000000E-01,   0.872650000000000E-01
  -9.817505000000000E-02,   1.855469000000000E-01
   0.399475000000000E-01,   2.057190000000000E-01
   1.645813000000000E-01,   1.357269000000000E-01
   2.216644000000000E-01,   0.012970000000000E-01
   1.825104000000000E-01,  -1.431885000000000E-01
   0.608215000000000E-01,  -2.344513000000000E-01
  -9.356689000000000E-02,  -2.307129000000000E-01
  -2.141113000000000E-01,  -1.332855000000000E-01
  -2.521973000000000E-01,   0.180054000000000E-01
  -1.923065000000000E-01,   1.629791000000000E-01
  -5.545044000000000E-02,   2.459259000000000E-01
   1.073151000000000E-01,   2.313385000000000E-01
   2.318573000000000E-01,   1.189880000000000E-01
   2.631836000000000E-01,  -4.879761000000000E-02
   1.860809000000000E-01,  -2.021332000000000E-01
   0.311890000000000E-01,  -2.785645000000000E-01
  -1.364746000000000E-01,  -2.472534000000000E-01
  -2.543640000000000E-01,  -1.234131000000000E-01
  -2.770996000000000E-01,   0.458679000000000E-01
  -1.951294000000000E-01,   1.987610000000000E-01
  -3.634644000000000E-02,   2.749634000000000E-01
   1.394958000000000E-01,   2.396851000000000E-01
   2.589722000000000E-01,   1.042786000000000E-01
   2.716675000000000E-01,  -7.543945000000000E-02
   1.754456000000000E-01,  -2.245483000000000E-01
   0.122681000000000E-01,  -2.863770000000000E-01
  -1.532135000000000E-01,  -2.414703000000000E-01
  -2.608337000000000E-01,  -1.095581000000000E-01
  -2.695618000000000E-01,   0.592041000000000E-01
  -1.773376000000000E-01,   2.000580000000000E-01
  -1.965332000000000E-02,   2.583618000000000E-01
   1.401672000000000E-01,   2.095947000000000E-01
   2.381287000000000E-01,   0.758667000000000E-01
   2.355652000000000E-01,  -8.847046000000000E-02
   1.344757000000000E-01,  -2.173615000000000E-01
  -2.178955000000000E-02,  -2.574768000000000E-01
  -1.675720000000000E-01,  -1.954803000000000E-01
  -2.449646000000000E-01,  -6.176758000000000E-02
  -2.281036000000000E-01,   0.869904000000000E-01
  -1.295624000000000E-01,   1.959991000000000E-01
   0.135345000000000E-01,   2.272186000000000E-01
   1.498413000000000E-01,   1.665039000000000E-01
   2.234650000000000E-01,   0.304413000000000E-01
   1.939545000000000E-01,  -1.260681000000000E-01
   0.695648000000000E-01,  -2.285919000000000E-01
  -9.115601000000000E-02,  -2.274017000000000E-01
  -2.128143000000000E-01,  -1.277008000000000E-01
  -2.475586000000000E-01,   0.218658000000000E-01
  -1.874237000000000E-01,   1.619263000000000E-01
  -5.514526000000000E-02,   2.406158000000000E-01
   1.030121000000000E-01,   2.254944000000000E-01
   2.251740000000000E-01,   1.140442000000000E-01
   2.531738000000000E-01,  -5.523682000000000E-02
   1.694946000000000E-01,  -2.086945000000000E-01
   0.076904000000000E-01,  -2.795715000000000E-01
  -1.649323000000000E-01,  -2.388916000000000E-01
  -2.792969000000000E-01,  -1.026001000000000E-01
  -2.925110000000000E-01,   0.761414000000000E-01
  -1.958923000000000E-01,   2.305298000000000E-01
  -2.398682000000000E-02,   2.976990000000000E-01
   1.550293000000000E-01,   2.486115000000000E-01
   2.698669000000000E-01,   1.023254000000000E-01
   2.757263000000000E-01,  -8.349609000000000E-02
   1.710510000000000E-01,  -2.365570000000000E-01
  -3.570557000000000E-03,  -2.998657000000000E-01
  -1.827087000000000E-01,  -2.481232000000000E-01
  -2.977295000000000E-01,  -1.007385000000000E-01
  -3.032532000000000E-01,   0.859985000000000E-01
  -1.973114000000000E-01,   2.375641000000000E-01
  -2.426147000000000E-02,   2.960815000000000E-01
   1.468048000000000E-01,   2.415314000000000E-01
   2.505188000000000E-01,   0.980225000000000E-01
   2.485962000000000E-01,  -7.728577000000000E-02
   1.433716000000000E-01,  -2.156525000000000E-01
  -2.349854000000000E-02,  -2.624512000000000E-01
  -1.837006000000000E-01,  -1.983948000000000E-01
  -2.704773000000000E-01,  -5.123901000000000E-02
  -2.497406000000000E-01,   1.148529000000000E-01
  -1.344452000000000E-01,   2.318878000000000E-01
   0.243225000000000E-01,   2.555237000000000E-01
   1.638031000000000E-01,   1.789246000000000E-01
   2.276764000000000E-01,   0.347290000000000E-01
   1.904602000000000E-01,  -1.184387000000000E-01
   0.676422000000000E-01,  -2.163544000000000E-01
  -8.993530000000000E-02,  -2.182312000000000E-01
  -2.153168000000000E-01,  -1.232147000000000E-01
  -2.565918000000000E-01,   0.288696000000000E-01
  -1.971436000000000E-01,   1.746826000000000E-01
  -6.008911000000000E-02,   2.556458000000000E-01
   1.008911000000000E-01,   2.356110000000000E-01
   2.168274000000000E-01,   1.183777000000000E-01
   2.352142000000000E-01,  -4.806519000000000E-02
   1.449890000000000E-01,  -1.903687000000000E-01
  -1.350403000000000E-02,  -2.466736000000000E-01
  -1.730652000000000E-01,  -1.954041000000000E-01
  -2.705688000000000E-01,  -5.957031000000000E-02
  -2.689819000000000E-01,   1.084290000000000E-01
  -1.676788000000000E-01,   2.464142000000000E-01
  -7.934570000000000E-04,   2.988586000000000E-01
   1.693878000000000E-01,   2.405396000000000E-01
   2.716675000000000E-01,   0.859375000000000E-01
   2.581177000000000E-01,  -1.013794000000000E-01
   1.311951000000000E-01,  -2.424622000000000E-01
  -5.407715000000000E-02,  -2.761230000000000E-01
  -2.201996000000000E-01,  -1.923218000000000E-01
  -3.028564000000000E-01,  -2.923584000000000E-02
  -2.763672000000000E-01,   1.487427000000000E-01
  -1.530762000000000E-01,   2.792053000000000E-01
   0.237732000000000E-01,   3.165283000000000E-01
   1.934662000000000E-01,   2.430115000000000E-01
   2.890625000000000E-01,   0.808716000000000E-01
   2.685547000000000E-01,  -1.094666000000000E-01
   1.362915000000000E-01,  -2.490845000000000E-01
  -5.096436000000000E-02,  -2.800903000000000E-01
  -2.159729000000000E-01,  -1.938324000000000E-01
  -2.952576000000000E-01,  -3.094482000000000E-02
  -2.636108000000000E-01,   1.418762000000000E-01
  -1.407166000000000E-01,   2.619324000000000E-01
   0.268250000000000E-01,   2.868347000000000E-01
   1.753235000000000E-01,   2.095184000000000E-01
   2.483521000000000E-01,   0.568542000000000E-01
   2.149658000000000E-01,  -1.083221000000000E-01
   0.845642000000000E-01,  -2.189941000000000E-01
  -8.517456000000000E-02,  -2.236633000000000E-01
  -2.177429000000000E-01,  -1.225891000000000E-01
  -2.583618000000000E-01,   0.345764000000000E-01
  -1.969910000000000E-01,   1.789551000000000E-01
  -6.460571000000000E-02,   2.557983000000000E-01
   0.852051000000000E-01,   2.407074000000000E-01
   1.983185000000000E-01,   1.386719000000000E-01
   2.275543000000000E-01,  -1.448059000000000E-02
   1.520386000000000E-01,  -1.572113000000000E-01
  -7.324219000000000E-04,  -2.212067000000000E-01
  -1.607666000000000E-01,  -1.722260000000000E-01
  -2.526550000000000E-01,  -3.347778000000000E-02
  -2.407227000000000E-01,   1.307678000000000E-01
  -1.330872000000000E-01,   2.550354000000000E-01
   0.299988000000000E-01,   2.915039000000000E-01
   1.856232000000000E-01,   2.235413000000000E-01
   2.722473000000000E-01,   0.729675000000000E-01
   2.503052000000000E-01,  -1.030579000000000E-01
   1.246338000000000E-01,  -2.314606000000000E-01
  -5.374146000000000E-02,  -2.598877000000000E-01
  -2.146149000000000E-01,  -1.762543000000000E-01
  -2.942810000000000E-01,  -1.119995000000000E-02
  -2.612610000000000E-01,   1.694336000000000E-01
  -1.264954000000000E-01,   2.958374000000000E-01
   0.570984000000000E-01,   3.182678000000000E-01
   2.184601000000000E-01,   2.283936000000000E-01
   2.961121000000000E-01,   0.613098000000000E-01
   2.613220000000000E-01,  -1.195679000000000E-01
   1.256561000000000E-01,  -2.458649000000000E-01
  -5.917358000000000E-02,  -2.675171000000000E-01
  -2.206726000000000E-01,  -1.737061000000000E-01
  -2.934875000000000E-01,  -1.892090000000000E-03
  -2.486572000000000E-01,   1.773987000000000E-01
  -1.090393000000000E-01,   2.926331000000000E-01
   0.692749000000000E-01,   3.041382000000000E-01
   2.197876000000000E-01,   2.099152000000000E-01
   2.858276000000000E-01,   0.461731000000000E-01
   2.422791000000000E-01,  -1.250610000000000E-01
   1.044159000000000E-01,  -2.355652000000000E-01
  -7.185364000000000E-02,  -2.384186000000000E-01
  -2.101288000000000E-01,  -1.350250000000000E-01
  -2.555847000000000E-01,   0.278015000000000E-01
  -1.947937000000000E-01,   1.814575000000000E-01
  -5.694580000000000E-02,   2.661743000000000E-01
   1.023865000000000E-01,   2.524414000000000E-01
   2.215729000000000E-01,   1.455536000000000E-01
   2.520447000000000E-01,  -1.281738000000000E-02
   1.768646000000000E-01,  -1.559601000000000E-01
   0.292206000000000E-01,  -2.218628000000000E-01
  -1.261902000000000E-01,  -1.803741000000000E-01
  -2.211456000000000E-01,  -5.314636000000000E-02
  -2.167816000000000E-01,   1.040344000000000E-01
  -1.185455000000000E-01,   2.261353000000000E-01
   0.344849000000000E-01,   2.634888000000000E-01
   1.814270000000000E-01,   1.992035000000000E-01
   2.586060000000000E-01,   0.542603000000000E-01
   2.289886000000000E-01,  -1.090546000000000E-01
   1.023102000000000E-01,  -2.203369000000000E-01
  -6.707764000000000E-02,  -2.294464000000000E-01
  -2.071533000000000E-01,  -1.311188000000000E-01
  -2.584534000000000E-01,   0.315552000000000E-01
  -2.013092000000000E-01,   1.941071000000000E-01
  -5.856323000000000E-02,   2.916870000000000E-01
   1.162109000000000E-01,   2.851257000000000E-01
   2.538147000000000E-01,   1.777039000000000E-01
   3.037109000000000E-01,   0.084534000000000E-01
   2.449341000000000E-01,  -1.602173000000000E-01
   0.965271000000000E-01,  -2.641296000000000E-01
  -8.819580000000000E-02,  -2.590942000000000E-01
  -2.344971000000000E-01,  -1.428223000000000E-01
  -2.814941000000000E-01,   0.383911000000000E-01
  -2.106476000000000E-01,   2.102661000000000E-01
  -5.502319000000000E-02,   3.061829000000000E-01
   1.246948000000000E-01,   2.944336000000000E-01
   2.650757000000000E-01,   1.827393000000000E-01
   3.170471000000000E-01,   0.091553000000000E-01
   2.567444000000000E-01,  -1.641541000000000E-01
   1.045227000000000E-01,  -2.695618000000000E-01
  -8.135986000000000E-02,  -2.619019000000000E-01
  -2.225342000000000E-01,  -1.446075000000000E-01
  -2.644958000000000E-01,   0.299988000000000E-01
