  -9.094238000000000E-02,  -7.760620000000000E-02
  -1.265564000000000E-01,   0.028839000000000E-01
  -9.825134000000000E-02,   8.385468000000000E-02
  -2.879333000000000E-02,   1.248016000000000E-01
   4.530334000000000E-02,   1.155396000000000E-01
   9.753418000000000E-02,   7.016754000000000E-02
   1.177063000000000E-01,   0.635529000000000E-02
   1.023483000000000E-01,  -6.085968000000000E-02
   4.824829000000000E-02,  -1.135406000000000E-01
  -3.526306000000000E-02,  -1.253052000000000E-01
  -1.142578000000000E-01,  -7.733154000000000E-02
  -1.429749000000000E-01,   0.162354000000000E-01
  -1.001816000000000E-01,   1.050415000000000E-01
  -1.309204000000000E-02,   1.391296000000000E-01
   6.543732000000000E-02,   1.099930000000000E-01
   1.019135000000000E-01,   4.968262000000000E-02
   1.004715000000000E-01,  -8.010864000000000E-03
   7.746887000000000E-02,  -5.330658000000000E-02
   3.625488000000000E-02,  -8.644867000000000E-02
  -2.423859000000000E-02,  -9.436798000000000E-02
  -8.390045000000000E-02,  -5.900574000000000E-02
  -1.069794000000000E-01,   1.183319000000000E-02
  -7.579041000000000E-02,   8.024597000000000E-02
  -9.101868000000000E-03,   1.092606000000000E-01
   5.530548000000000E-02,   8.886719000000000E-02
   8.910370000000000E-02,   3.804779000000000E-02
   8.648682000000000E-02,  -1.643372000000000E-02
   5.811310000000000E-02,  -5.678177000000000E-02
   1.523590000000000E-02,  -7.773590000000000E-02
  -3.674316000000000E-02,  -7.506561000000000E-02
  -8.633423000000000E-02,  -3.907013000000000E-02
  -1.062927000000000E-01,   3.158569000000000E-02
  -6.850433000000000E-02,   1.080933000000000E-01
   0.202942000000000E-01,   1.402435000000000E-01
   1.109009000000000E-01,   9.897614000000000E-02
   1.482239000000000E-01,   0.055847000000000E-01
   1.138229000000000E-01,  -8.489227000000000E-02
   0.363007000000000E-01,  -1.292572000000000E-01
  -4.542542000000000E-02,  -1.222763000000000E-01
  -1.121979000000000E-01,  -7.611847000000000E-02
  -1.492004000000000E-01,   0.046539000000000E-01
  -1.311646000000000E-01,   1.055450000000000E-01
  -4.417419000000000E-02,   1.822052000000000E-01
   0.821228000000000E-01,   1.840820000000000E-01
   1.834106000000000E-01,   0.985107000000000E-01
   2.037354000000000E-01,  -3.347778000000000E-02
   1.358795000000000E-01,  -1.449890000000000E-01
   0.186462000000000E-01,  -1.881409000000000E-01
  -9.533691000000000E-02,  -1.540985000000000E-01
  -1.662445000000000E-01,  -6.335449000000000E-02
  -1.727142000000000E-01,   0.498962000000000E-01
  -1.126099000000000E-01,   1.467285000000000E-01
  -6.179810000000000E-03,   1.914368000000000E-01
   1.077728000000000E-01,   1.642609000000000E-01
   1.838989000000000E-01,   0.731812000000000E-01
   1.893463000000000E-01,  -4.690552000000000E-02
   1.195984000000000E-01,  -1.452484000000000E-01
   0.044708000000000E-01,  -1.780548000000000E-01
  -1.024170000000000E-01,  -1.320648000000000E-01
  -1.538239000000000E-01,  -3.401184000000000E-02
  -1.353912000000000E-01,   0.675049000000000E-01
  -6.617737000000000E-02,   1.327820000000000E-01
   0.213165000000000E-01,   1.476288000000000E-01
   1.010437000000000E-01,   1.138611000000000E-01
   1.503296000000000E-01,   0.406647000000000E-01
   1.492767000000000E-01,  -5.227661000000000E-02
   0.893097000000000E-01,  -1.310883000000000E-01
  -1.239014000000000E-02,  -1.557922000000000E-01
  -1.090851000000000E-01,  -1.075592000000000E-01
  -1.511841000000000E-01,  -7.186890000000000E-03
  -1.188354000000000E-01,   9.349060000000000E-02
  -3.507996000000000E-02,   1.482697000000000E-01
   0.589294000000000E-01,   1.432037000000000E-01
   1.311188000000000E-01,   0.889282000000000E-01
   1.644135000000000E-01,   0.034790000000000E-01
   1.437836000000000E-01,  -9.468079000000000E-02
   0.597534000000000E-01,  -1.694336000000000E-01
  -6.555176000000000E-02,  -1.744537000000000E-01
  -1.706085000000000E-01,  -8.892822000000000E-02
  -1.929932000000000E-01,   0.500183000000000E-01
  -1.182404000000000E-01,   1.694946000000000E-01
   0.123444000000000E-01,   2.131653000000000E-01
   1.375122000000000E-01,   1.701508000000000E-01
   2.122650000000000E-01,   0.655518000000000E-01
   2.160187000000000E-01,  -6.230164000000000E-02
   1.453552000000000E-01,  -1.735077000000000E-01
   0.180969000000000E-01,  -2.248993000000000E-01
  -1.211853000000000E-01,  -1.892395000000000E-01
  -2.134399000000000E-01,  -7.131958000000000E-02
  -2.124176000000000E-01,   0.826263000000000E-01
  -1.139526000000000E-01,   2.031097000000000E-01
   0.380249000000000E-01,   2.355499000000000E-01
   1.743469000000000E-01,   1.675415000000000E-01
   2.371368000000000E-01,   0.340424000000000E-01
   2.083282000000000E-01,  -1.040649000000000E-01
   1.088562000000000E-01,  -1.937561000000000E-01
  -1.820374000000000E-02,  -2.095184000000000E-01
  -1.304016000000000E-01,  -1.532898000000000E-01
  -1.920929000000000E-01,  -4.226685000000000E-02
  -1.753387000000000E-01,   0.877991000000000E-01
  -7.943726000000000E-02,   1.824036000000000E-01
   0.556183000000000E-01,   1.945648000000000E-01
   1.650085000000000E-01,   1.185150000000000E-01
   1.997223000000000E-01,  -4.394531000000000E-03
   1.521912000000000E-01,  -1.150208000000000E-01
   0.551147000000000E-01,  -1.705017000000000E-01
  -4.928589000000000E-02,  -1.603241000000000E-01
  -1.276703000000000E-01,  -9.635925000000000E-02
  -1.579132000000000E-01,   0.011749000000000E-01
  -1.251678000000000E-01,   1.028595000000000E-01
  -3.277588000000000E-02,   1.679993000000000E-01
   0.857239000000000E-01,   1.610260000000000E-01
   1.765900000000000E-01,   0.770721000000000E-01
   1.926270000000000E-01,  -4.925537000000000E-02
   1.228333000000000E-01,  -1.577148000000000E-01
   0.004578000000000E-01,  -1.951752000000000E-01
  -1.161194000000000E-01,  -1.499481000000000E-01
  -1.798706000000000E-01,  -4.605103000000000E-02
  -1.728668000000000E-01,   0.742645000000000E-01
  -9.700012000000000E-02,   1.726074000000000E-01
   0.289612000000000E-01,   2.123718000000000E-01
   1.639709000000000E-01,   1.653137000000000E-01
   2.466125000000000E-01,   0.366364000000000E-01
   2.286530000000000E-01,  -1.239014000000000E-01
   1.096954000000000E-01,  -2.397156000000000E-01
  -5.673218000000000E-02,  -2.546692000000000E-01
  -1.944275000000000E-01,  -1.643524000000000E-01
  -2.490540000000000E-01,  -1.283264000000000E-02
  -2.054443000000000E-01,   1.384125000000000E-01
  -8.418274000000000E-02,   2.371368000000000E-01
   0.734100000000000E-01,   2.492065000000000E-01
   2.123566000000000E-01,   1.666260000000000E-01
   2.781372000000000E-01,   0.143738000000000E-01
   2.397614000000000E-01,  -1.506500000000000E-01
   1.072388000000000E-01,  -2.614441000000000E-01
  -6.695557000000000E-02,  -2.690735000000000E-01
  -2.093201000000000E-01,  -1.671448000000000E-01
  -2.564087000000000E-01,  -1.281738000000000E-03
  -1.925659000000000E-01,   1.525879000000000E-01
  -5.458069000000000E-02,   2.315674000000000E-01
   0.947723000000000E-01,   2.143707000000000E-01
   2.029266000000000E-01,   1.186829000000000E-01
   2.375488000000000E-01,  -1.927185000000000E-02
   1.860962000000000E-01,  -1.535034000000000E-01
   0.626526000000000E-01,  -2.336426000000000E-01
  -8.779907000000000E-02,  -2.202454000000000E-01
  -1.969452000000000E-01,  -1.152039000000000E-01
  -2.139587000000000E-01,   0.323944000000000E-01
  -1.374969000000000E-01,   1.529694000000000E-01
  -9.994507000000000E-03,   1.985931000000000E-01
   1.137543000000000E-01,   1.615295000000000E-01
   1.909027000000000E-01,   0.628052000000000E-01
   1.974182000000000E-01,  -6.300354000000000E-02
   1.275635000000000E-01,  -1.716461000000000E-01
   0.011749000000000E-01,  -2.190094000000000E-01
  -1.331787000000000E-01,  -1.760864000000000E-01
  -2.142029000000000E-01,  -5.342102000000000E-02
  -1.980133000000000E-01,   0.967102000000000E-01
  -8.857727000000000E-02,   2.024536000000000E-01
   0.624084000000000E-01,   2.151642000000000E-01
   1.871490000000000E-01,   1.339111000000000E-01
   2.374115000000000E-01,  -3.356934000000000E-03
   1.985168000000000E-01,  -1.438751000000000E-01
   0.856018000000000E-01,  -2.380524000000000E-01
  -6.729126000000000E-02,  -2.509766000000000E-01
  -2.055664000000000E-01,  -1.668396000000000E-01
  -2.662964000000000E-01,  -7.446289000000000E-03
  -2.129517000000000E-01,   1.607513000000000E-01
  -6.326294000000000E-02,   2.595520000000000E-01
   1.138000000000000E-01,   2.442474000000000E-01
   2.431488000000000E-01,   1.261444000000000E-01
   2.768250000000000E-01,  -4.156494000000000E-02
   2.085876000000000E-01,  -1.958160000000000E-01
   0.650330000000000E-01,  -2.840881000000000E-01
  -1.055908000000000E-01,  -2.745972000000000E-01
  -2.425842000000000E-01,  -1.655731000000000E-01
  -2.882996000000000E-01,   0.076904000000000E-01
  -2.197266000000000E-01,   1.751099000000000E-01
  -6.246948000000000E-02,   2.651672000000000E-01
   1.133118000000000E-01,   2.405548000000000E-01
   2.343750000000000E-01,   1.182556000000000E-01
   2.584534000000000E-01,  -4.690552000000000E-02
   1.829376000000000E-01,  -1.907501000000000E-01
   0.401001000000000E-01,  -2.618713000000000E-01
  -1.155396000000000E-01,  -2.362213000000000E-01
  -2.251587000000000E-01,  -1.240234000000000E-01
  -2.456818000000000E-01,   0.308990000000000E-01
  -1.682739000000000E-01,   1.651306000000000E-01
  -2.746582000000000E-02,   2.221985000000000E-01
   1.154938000000000E-01,   1.824951000000000E-01
   2.017822000000000E-01,   0.667572000000000E-01
   2.002716000000000E-01,  -7.453918000000000E-02
   1.147766000000000E-01,  -1.838531000000000E-01
  -1.802063000000000E-02,  -2.183380000000000E-01
  -1.439056000000000E-01,  -1.660919000000000E-01
  -2.119293000000000E-01,  -4.835510000000000E-02
  -1.949158000000000E-01,   0.874481000000000E-01
  -9.831238000000000E-02,   1.856689000000000E-01
   0.399475000000000E-01,   2.053070000000000E-01
   1.647491000000000E-01,   1.357117000000000E-01
   2.217407000000000E-01,   0.014496000000000E-01
   1.828156000000000E-01,  -1.431274000000000E-01
   0.605774000000000E-01,  -2.345886000000000E-01
  -9.362793000000000E-02,  -2.304840000000000E-01
  -2.141876000000000E-01,  -1.333466000000000E-01
  -2.518921000000000E-01,   0.179138000000000E-01
  -1.921844000000000E-01,   1.631927000000000E-01
  -5.548096000000000E-02,   2.456512000000000E-01
   1.074219000000000E-01,   2.313690000000000E-01
   2.315826000000000E-01,   1.189728000000000E-01
   2.627869000000000E-01,  -4.891968000000000E-02
   1.858215000000000E-01,  -2.023926000000000E-01
   0.312805000000000E-01,  -2.782593000000000E-01
  -1.369324000000000E-01,  -2.473755000000000E-01
  -2.543640000000000E-01,  -1.234741000000000E-01
  -2.770691000000000E-01,   0.459290000000000E-01
  -1.951447000000000E-01,   1.988983000000000E-01
  -3.643799000000000E-02,   2.750244000000000E-01
   1.396484000000000E-01,   2.394867000000000E-01
   2.589111000000000E-01,   1.040955000000000E-01
   2.720642000000000E-01,  -7.531738000000000E-02
   1.754303000000000E-01,  -2.247620000000000E-01
   0.123596000000000E-01,  -2.866211000000000E-01
  -1.534729000000000E-01,  -2.413940000000000E-01
  -2.605896000000000E-01,  -1.096802000000000E-01
  -2.696228000000000E-01,   0.595398000000000E-01
  -1.773834000000000E-01,   2.004089000000000E-01
  -1.974487000000000E-02,   2.579651000000000E-01
   1.401978000000000E-01,   2.096252000000000E-01
   2.382507000000000E-01,   0.757751000000000E-01
   2.356262000000000E-01,  -8.869934000000000E-02
   1.344604000000000E-01,  -2.172241000000000E-01
  -2.197266000000000E-02,  -2.574158000000000E-01
  -1.674805000000000E-01,  -1.955566000000000E-01
  -2.449188000000000E-01,  -6.179810000000000E-02
  -2.280121000000000E-01,   0.869446000000000E-01
  -1.295929000000000E-01,   1.958923000000000E-01
   0.135803000000000E-01,   2.270355000000000E-01
   1.500702000000000E-01,   1.662140000000000E-01
   2.234192000000000E-01,   0.301361000000000E-01
   1.939240000000000E-01,  -1.260681000000000E-01
   0.693970000000000E-01,  -2.285767000000000E-01
  -9.103394000000000E-02,  -2.273712000000000E-01
  -2.127228000000000E-01,  -1.277161000000000E-01
  -2.475433000000000E-01,   0.220032000000000E-01
  -1.872864000000000E-01,   1.618958000000000E-01
  -5.499268000000000E-02,   2.405090000000000E-01
   1.030121000000000E-01,   2.255402000000000E-01
   2.248230000000000E-01,   1.140289000000000E-01
   2.529297000000000E-01,  -5.511475000000000E-02
   1.695557000000000E-01,  -2.086487000000000E-01
   0.076599000000000E-01,  -2.796021000000000E-01
  -1.647491000000000E-01,  -2.385712000000000E-01
  -2.793579000000000E-01,  -1.029358000000000E-01
  -2.924805000000000E-01,   0.762329000000000E-01
  -1.956635000000000E-01,   2.304230000000000E-01
  -2.389526000000000E-02,   2.976379000000000E-01
   1.549377000000000E-01,   2.484436000000000E-01
   2.698364000000000E-01,   1.021118000000000E-01
   2.753906000000000E-01,  -8.346558000000000E-02
   1.710510000000000E-01,  -2.367249000000000E-01
  -3.723145000000000E-03,  -2.996521000000000E-01
  -1.829987000000000E-01,  -2.485657000000000E-01
  -2.976074000000000E-01,  -1.010132000000000E-01
  -3.031311000000000E-01,   0.856934000000000E-01
  -1.972198000000000E-01,   2.375183000000000E-01
  -2.420044000000000E-02,   2.958679000000000E-01
   1.470947000000000E-01,   2.412567000000000E-01
   2.505798000000000E-01,   0.975342000000000E-01
   2.487183000000000E-01,  -7.745361000000000E-02
   1.432648000000000E-01,  -2.156677000000000E-01
  -2.349854000000000E-02,  -2.626343000000000E-01
  -1.839294000000000E-01,  -1.984100000000000E-01
  -2.705994000000000E-01,  -5.105591000000000E-02
  -2.494202000000000E-01,   1.149445000000000E-01
  -1.345215000000000E-01,   2.319794000000000E-01
   0.244446000000000E-01,   2.551880000000000E-01
   1.638184000000000E-01,   1.789398000000000E-01
   2.279053000000000E-01,   0.343933000000000E-01
   1.905823000000000E-01,  -1.184235000000000E-01
   0.673676000000000E-01,  -2.163696000000000E-01
  -8.978271000000000E-02,  -2.180786000000000E-01
  -2.154236000000000E-01,  -1.230927000000000E-01
  -2.567139000000000E-01,   0.284729000000000E-01
  -1.972504000000000E-01,   1.745605000000000E-01
  -5.990601000000000E-02,   2.553711000000000E-01
   1.008148000000000E-01,   2.357483000000000E-01
   2.168427000000000E-01,   1.183472000000000E-01
   2.351837000000000E-01,  -4.808044000000000E-02
   1.450958000000000E-01,  -1.904144000000000E-01
  -1.330566000000000E-02,  -2.469788000000000E-01
  -1.731567000000000E-01,  -1.956177000000000E-01
  -2.700500000000000E-01,  -5.938721000000000E-02
  -2.689514000000000E-01,   1.086426000000000E-01
  -1.678619000000000E-01,   2.459106000000000E-01
  -8.544922000000000E-04,   2.987671000000000E-01
   1.696167000000000E-01,   2.399750000000000E-01
   2.719116000000000E-01,   0.860901000000000E-01
   2.583313000000000E-01,  -1.016235000000000E-01
   1.311646000000000E-01,  -2.424164000000000E-01
  -5.407715000000000E-02,  -2.760315000000000E-01
  -2.202301000000000E-01,  -1.923828000000000E-01
  -3.027954000000000E-01,  -2.935791000000000E-02
  -2.763062000000000E-01,   1.484985000000000E-01
  -1.528015000000000E-01,   2.791138000000000E-01
   0.239563000000000E-01,   3.161011000000000E-01
   1.935425000000000E-01,   2.429810000000000E-01
   2.892151000000000E-01,   0.807800000000000E-01
   2.685242000000000E-01,  -1.094666000000000E-01
   1.365204000000000E-01,  -2.492676000000000E-01
  -5.123901000000000E-02,  -2.800903000000000E-01
  -2.157745000000000E-01,  -1.935577000000000E-01
  -2.951050000000000E-01,  -3.115845000000000E-02
  -2.637939000000000E-01,   1.419983000000000E-01
  -1.408997000000000E-01,   2.619324000000000E-01
   0.268250000000000E-01,   2.864990000000000E-01
   1.751404000000000E-01,   2.086945000000000E-01
   2.483673000000000E-01,   0.567017000000000E-01
   2.140961000000000E-01,  -1.090240000000000E-01
   0.844574000000000E-01,  -2.189026000000000E-01
  -8.505249000000000E-02,  -2.238007000000000E-01
  -2.179413000000000E-01,  -1.225739000000000E-01
  -2.582703000000000E-01,   0.346069000000000E-01
  -1.967010000000000E-01,   1.790161000000000E-01
  -6.494141000000000E-02,   2.557068000000000E-01
   0.851288000000000E-01,   2.408295000000000E-01
   1.980133000000000E-01,   1.389923000000000E-01
   2.273865000000000E-01,  -1.461792000000000E-02
   1.522369000000000E-01,  -1.573029000000000E-01
  -1.113892000000000E-03,  -2.211609000000000E-01
  -1.604462000000000E-01,  -1.721344000000000E-01
  -2.528687000000000E-01,  -3.338623000000000E-02
  -2.405548000000000E-01,   1.312103000000000E-01
  -1.328430000000000E-01,   2.553711000000000E-01
   0.299988000000000E-01,   2.919617000000000E-01
   1.856232000000000E-01,   2.236176000000000E-01
   2.720337000000000E-01,   0.729370000000000E-01
   2.502136000000000E-01,  -1.031799000000000E-01
   1.245728000000000E-01,  -2.316895000000000E-01
  -5.374146000000000E-02,  -2.599182000000000E-01
  -2.145844000000000E-01,  -1.761780000000000E-01
  -2.944946000000000E-01,  -1.147461000000000E-02
  -2.609253000000000E-01,   1.690979000000000E-01
  -1.265869000000000E-01,   2.961731000000000E-01
   0.573425000000000E-01,   3.185425000000000E-01
   2.187958000000000E-01,   2.285156000000000E-01
   2.955322000000000E-01,   0.614624000000000E-01
   2.613525000000000E-01,  -1.198730000000000E-01
   1.255646000000000E-01,  -2.459564000000000E-01
  -5.932617000000000E-02,  -2.674561000000000E-01
  -2.207794000000000E-01,  -1.739349000000000E-01
  -2.935181000000000E-01,  -1.617432000000000E-03
  -2.489166000000000E-01,   1.774292000000000E-01
  -1.082458000000000E-01,   2.929993000000000E-01
   0.697937000000000E-01,   3.041687000000000E-01
   2.195129000000000E-01,   2.098083000000000E-01
   2.860718000000000E-01,   0.466614000000000E-01
   2.422791000000000E-01,  -1.247101000000000E-01
   1.042480000000000E-01,  -2.358246000000000E-01
  -7.225037000000000E-02,  -2.382813000000000E-01
  -2.105255000000000E-01,  -1.349945000000000E-01
  -2.554932000000000E-01,   0.281067000000000E-01
  -1.949615000000000E-01,   1.815186000000000E-01
  -5.676270000000000E-02,   2.662659000000000E-01
   1.028442000000000E-01,   2.524109000000000E-01
   2.216339000000000E-01,   1.455383000000000E-01
   2.515259000000000E-01,  -1.263428000000000E-02
   1.769714000000000E-01,  -1.559753000000000E-01
   0.289154000000000E-01,  -2.217102000000000E-01
  -1.259003000000000E-01,  -1.805878000000000E-01
  -2.208862000000000E-01,  -5.316162000000000E-02
  -2.167206000000000E-01,   1.037445000000000E-01
  -1.185913000000000E-01,   2.264099000000000E-01
   0.349121000000000E-01,   2.632446000000000E-01
   1.815491000000000E-01,   1.991882000000000E-01
   2.586975000000000E-01,   0.540771000000000E-01
   2.288513000000000E-01,  -1.092834000000000E-01
   1.025238000000000E-01,  -2.204285000000000E-01
  -6.735229000000000E-02,  -2.294312000000000E-01
  -2.070007000000000E-01,  -1.309814000000000E-01
  -2.586975000000000E-01,   0.318298000000000E-01
  -2.015381000000000E-01,   1.944275000000000E-01
  -5.834961000000000E-02,   2.915955000000000E-01
   1.160278000000000E-01,   2.847595000000000E-01
   2.537842000000000E-01,   1.776428000000000E-01
   3.039856000000000E-01,   0.083008000000000E-01
   2.449341000000000E-01,  -1.603546000000000E-01
   0.964355000000000E-01,  -2.640076000000000E-01
  -8.804321000000000E-02,  -2.589417000000000E-01
  -2.345276000000000E-01,  -1.427002000000000E-01
  -2.814941000000000E-01,   0.384827000000000E-01
  -2.107391000000000E-01,   2.104187000000000E-01
  -5.505371000000000E-02,   3.059692000000000E-01
   1.246033000000000E-01,   2.939453000000000E-01
   2.652893000000000E-01,   1.824646000000000E-01
   3.171692000000000E-01,   0.092163000000000E-01
   2.571411000000000E-01,  -1.639404000000000E-01
   1.043396000000000E-01,  -2.695923000000000E-01
  -8.117676000000000E-02,  -2.619019000000000E-01
  -2.230682000000000E-01,  -1.443329000000000E-01
  -2.646484000000000E-01,   0.301819000000000E-01
