  -9.150696000000000E-02,  -7.846832000000000E-02
  -1.264496000000000E-01,   0.027924000000000E-01
  -9.828186000000000E-02,   8.370209000000000E-02
  -2.886200000000000E-02,   1.244431000000000E-01
   4.508972000000000E-02,   1.156540000000000E-01
   9.740448000000000E-02,   7.021332000000000E-02
   1.177750000000000E-01,   0.657654000000000E-02
   1.021423000000000E-01,  -6.069946000000000E-02
   4.823303000000000E-02,  -1.134338000000000E-01
  -3.523254000000000E-02,  -1.252594000000000E-01
  -1.141815000000000E-01,  -7.727814000000000E-02
  -1.428070000000000E-01,   0.163269000000000E-01
  -9.997559000000000E-02,   1.047668000000000E-01
  -1.292419000000000E-02,   1.389160000000000E-01
   6.529999000000000E-02,   1.096954000000000E-01
   1.015778000000000E-01,   4.976654000000000E-02
   1.001740000000000E-01,  -7.965088000000000E-03
   7.735443000000000E-02,  -5.303192000000000E-02
   3.623199000000000E-02,  -8.620453000000000E-02
  -2.409363000000000E-02,  -9.403992000000000E-02
  -8.376312000000000E-02,  -5.881500000000000E-02
  -1.069336000000000E-01,   1.179504000000000E-02
  -7.572174000000000E-02,   7.994843000000000E-02
  -9.109497000000000E-03,   1.091537000000000E-01
   5.504608000000000E-02,   8.890533000000000E-02
   8.879089000000000E-02,   3.812408000000000E-02
   8.650970000000000E-02,  -1.609039000000000E-02
   5.819702000000000E-02,  -5.653763000000000E-02
   1.533508000000000E-02,  -7.762146000000000E-02
  -3.652954000000000E-02,  -7.514191000000000E-02
  -8.615112000000000E-02,  -3.916931000000000E-02
  -1.062012000000000E-01,   3.130341000000000E-02
  -6.864166000000000E-02,   1.080017000000000E-01
   0.200500000000000E-01,   1.401215000000000E-01
   1.109390000000000E-01,   9.899139000000000E-02
   1.480255000000000E-01,   0.057373000000000E-01
   1.138229000000000E-01,  -8.473969000000000E-02
   0.364685000000000E-01,  -1.290436000000000E-01
  -4.544830000000000E-02,  -1.222000000000000E-01
  -1.118393000000000E-01,  -7.621765000000000E-02
  -1.492004000000000E-01,   0.045624000000000E-01
  -1.314087000000000E-01,   1.053314000000000E-01
  -4.434204000000000E-02,   1.817627000000000E-01
   0.821228000000000E-01,   1.840515000000000E-01
   1.832123000000000E-01,   0.987244000000000E-01
   2.035675000000000E-01,  -3.321838000000000E-02
   1.357269000000000E-01,  -1.450195000000000E-01
   0.189514000000000E-01,  -1.880341000000000E-01
  -9.526062000000000E-02,  -1.539612000000000E-01
  -1.659393000000000E-01,  -6.359863000000000E-02
  -1.725922000000000E-01,   0.496521000000000E-01
  -1.127319000000000E-01,   1.465454000000000E-01
  -6.530762000000000E-03,   1.913757000000000E-01
   1.076660000000000E-01,   1.640625000000000E-01
   1.837158000000000E-01,   0.730743000000000E-01
   1.893921000000000E-01,  -4.696655000000000E-02
   1.195068000000000E-01,  -1.448059000000000E-01
   0.044708000000000E-01,  -1.777954000000000E-01
  -1.024017000000000E-01,  -1.318817000000000E-01
  -1.538849000000000E-01,  -3.372192000000000E-02
  -1.353302000000000E-01,   0.673676000000000E-01
  -6.629944000000000E-02,   1.327667000000000E-01
   0.213776000000000E-01,   1.474915000000000E-01
   1.009445000000000E-01,   1.137848000000000E-01
   1.501007000000000E-01,   0.407104000000000E-01
   1.494293000000000E-01,  -5.210876000000000E-02
   0.893555000000000E-01,  -1.307983000000000E-01
  -1.226807000000000E-02,  -1.559448000000000E-01
  -1.093521000000000E-01,  -1.075668000000000E-01
  -1.511688000000000E-01,  -7.476807000000000E-03
  -1.188965000000000E-01,   9.328461000000000E-02
  -3.515625000000000E-02,   1.482391000000000E-01
   0.587921000000000E-01,   1.430206000000000E-01
   1.309814000000000E-01,   0.889587000000000E-01
   1.645050000000000E-01,   0.034027000000000E-01
   1.439362000000000E-01,  -9.475708000000000E-02
   0.598602000000000E-01,  -1.693878000000000E-01
  -6.553650000000000E-02,  -1.744080000000000E-01
  -1.705780000000000E-01,  -8.888245000000000E-02
  -1.930084000000000E-01,   0.499268000000000E-01
  -1.183014000000000E-01,   1.694336000000000E-01
   0.121918000000000E-01,   2.130737000000000E-01
   1.372986000000000E-01,   1.702423000000000E-01
   2.125702000000000E-01,   0.652161000000000E-01
   2.156830000000000E-01,  -6.216431000000000E-02
   1.457062000000000E-01,  -1.730652000000000E-01
   0.178528000000000E-01,  -2.247772000000000E-01
  -1.213684000000000E-01,  -1.895142000000000E-01
  -2.133636000000000E-01,  -7.135010000000000E-02
  -2.124481000000000E-01,   0.824890000000000E-01
  -1.136169000000000E-01,   2.031860000000000E-01
   0.378876000000000E-01,   2.356110000000000E-01
   1.743622000000000E-01,   1.674652000000000E-01
   2.372589000000000E-01,   0.339813000000000E-01
   2.080688000000000E-01,  -1.038513000000000E-01
   1.091461000000000E-01,  -1.933594000000000E-01
  -1.861572000000000E-02,  -2.095337000000000E-01
  -1.300049000000000E-01,  -1.531830000000000E-01
  -1.917725000000000E-01,  -4.254150000000000E-02
  -1.750946000000000E-01,   0.879669000000000E-01
  -7.962036000000000E-02,   1.821594000000000E-01
   0.555115000000000E-01,   1.944885000000000E-01
   1.648407000000000E-01,   1.186371000000000E-01
   1.994019000000000E-01,  -4.058838000000000E-03
   1.522980000000000E-01,  -1.148071000000000E-01
   0.551605000000000E-01,  -1.704407000000000E-01
  -4.901123000000000E-02,  -1.603088000000000E-01
  -1.275024000000000E-01,  -9.634399000000000E-02
  -1.579285000000000E-01,   0.009766000000000E-01
  -1.252747000000000E-01,   1.027985000000000E-01
  -3.288269000000000E-02,   1.676941000000000E-01
   0.855408000000000E-01,   1.609039000000000E-01
   1.763000000000000E-01,   0.770111000000000E-01
   1.925354000000000E-01,  -4.898071000000000E-02
   1.229095000000000E-01,  -1.574402000000000E-01
   0.004425000000000E-01,  -1.953888000000000E-01
  -1.158905000000000E-01,  -1.499634000000000E-01
  -1.796112000000000E-01,  -4.600525000000000E-02
  -1.728973000000000E-01,   0.739594000000000E-01
  -9.719849000000000E-02,   1.724396000000000E-01
   0.291595000000000E-01,   2.123413000000000E-01
   1.636963000000000E-01,   1.652374000000000E-01
   2.464447000000000E-01,   0.364838000000000E-01
   2.282715000000000E-01,  -1.235657000000000E-01
   1.097870000000000E-01,  -2.394409000000000E-01
  -5.642700000000000E-02,  -2.545166000000000E-01
  -1.941833000000000E-01,  -1.645050000000000E-01
  -2.487030000000000E-01,  -1.319885000000000E-02
  -2.057190000000000E-01,   1.383209000000000E-01
  -8.444214000000000E-02,   2.374725000000000E-01
   0.734558000000000E-01,   2.494049000000000E-01
   2.123108000000000E-01,   1.665955000000000E-01
   2.780762000000000E-01,   0.144653000000000E-01
   2.398376000000000E-01,  -1.506805000000000E-01
   1.074219000000000E-01,  -2.616577000000000E-01
  -6.704712000000000E-02,  -2.691040000000000E-01
  -2.088623000000000E-01,  -1.673279000000000E-01
  -2.562561000000000E-01,  -1.495361000000000E-03
  -1.924744000000000E-01,   1.525269000000000E-01
  -5.453491000000000E-02,   2.311859000000000E-01
   0.946808000000000E-01,   2.143097000000000E-01
   2.030487000000000E-01,   1.187286000000000E-01
   2.375946000000000E-01,  -1.907349000000000E-02
   1.860352000000000E-01,  -1.534882000000000E-01
   0.626831000000000E-01,  -2.334747000000000E-01
  -8.746338000000000E-02,  -2.207489000000000E-01
  -1.967316000000000E-01,  -1.152344000000000E-01
  -2.138672000000000E-01,   0.324707000000000E-01
  -1.372833000000000E-01,   1.529999000000000E-01
  -9.857178000000000E-03,   1.983643000000000E-01
   1.139221000000000E-01,   1.616211000000000E-01
   1.907501000000000E-01,   0.628510000000000E-01
   1.974030000000000E-01,  -6.275940000000000E-02
   1.275024000000000E-01,  -1.714935000000000E-01
   0.011902000000000E-01,  -2.185974000000000E-01
  -1.337585000000000E-01,  -1.757507000000000E-01
  -2.140503000000000E-01,  -5.326843000000000E-02
  -1.977081000000000E-01,   0.963745000000000E-01
  -8.843994000000000E-02,   2.023468000000000E-01
   0.623779000000000E-01,   2.153320000000000E-01
   1.867981000000000E-01,   1.336212000000000E-01
   2.370911000000000E-01,  -3.433228000000000E-03
   1.983795000000000E-01,  -1.436157000000000E-01
   0.855865000000000E-01,  -2.381134000000000E-01
  -6.765747000000000E-02,  -2.507629000000000E-01
  -2.055817000000000E-01,  -1.670227000000000E-01
  -2.660522000000000E-01,  -7.293701000000000E-03
  -2.127533000000000E-01,   1.606140000000000E-01
  -6.396484000000000E-02,   2.592163000000000E-01
   1.134949000000000E-01,   2.442169000000000E-01
   2.428741000000000E-01,   1.261292000000000E-01
   2.767639000000000E-01,  -4.147339000000000E-02
   2.087860000000000E-01,  -1.955872000000000E-01
   0.652161000000000E-01,  -2.841492000000000E-01
  -1.055603000000000E-01,  -2.747498000000000E-01
  -2.425995000000000E-01,  -1.655884000000000E-01
  -2.884521000000000E-01,   0.076599000000000E-01
  -2.196503000000000E-01,   1.755219000000000E-01
  -6.222534000000000E-02,   2.647095000000000E-01
   1.131287000000000E-01,   2.402649000000000E-01
   2.343445000000000E-01,   1.182404000000000E-01
   2.582703000000000E-01,  -4.693604000000000E-02
   1.828918000000000E-01,  -1.903076000000000E-01
   0.402832000000000E-01,  -2.618103000000000E-01
  -1.153412000000000E-01,  -2.361145000000000E-01
  -2.251129000000000E-01,  -1.239319000000000E-01
  -2.456055000000000E-01,   0.308075000000000E-01
  -1.677704000000000E-01,   1.648102000000000E-01
  -2.761841000000000E-02,   2.221832000000000E-01
   1.148682000000000E-01,   1.825104000000000E-01
   2.019501000000000E-01,   0.668182000000000E-01
   2.003174000000000E-01,  -7.435608000000000E-02
   1.147308000000000E-01,  -1.836395000000000E-01
  -1.777649000000000E-02,  -2.184448000000000E-01
  -1.435699000000000E-01,  -1.659698000000000E-01
  -2.120514000000000E-01,  -4.829407000000000E-02
  -1.948242000000000E-01,   0.873566000000000E-01
  -9.823608000000000E-02,   1.857758000000000E-01
   0.399170000000000E-01,   2.054596000000000E-01
   1.643066000000000E-01,   1.358643000000000E-01
   2.216644000000000E-01,   0.016327000000000E-01
   1.830902000000000E-01,  -1.432037000000000E-01
   0.603943000000000E-01,  -2.342682000000000E-01
  -9.323120000000000E-02,  -2.304993000000000E-01
  -2.138977000000000E-01,  -1.334381000000000E-01
  -2.520752000000000E-01,   0.176392000000000E-01
  -1.920166000000000E-01,   1.629028000000000E-01
  -5.561829000000000E-02,   2.457886000000000E-01
   1.069794000000000E-01,   2.310791000000000E-01
   2.315369000000000E-01,   1.190796000000000E-01
   2.631226000000000E-01,  -4.861450000000000E-02
   1.856842000000000E-01,  -2.022247000000000E-01
   0.313721000000000E-01,  -2.783203000000000E-01
  -1.369476000000000E-01,  -2.470245000000000E-01
  -2.541504000000000E-01,  -1.231384000000000E-01
  -2.768555000000000E-01,   0.459290000000000E-01
  -1.953430000000000E-01,   1.984558000000000E-01
  -3.640747000000000E-02,   2.745056000000000E-01
   1.391907000000000E-01,   2.397766000000000E-01
   2.586670000000000E-01,   1.044006000000000E-01
   2.714233000000000E-01,  -7.531738000000000E-02
   1.756134000000000E-01,  -2.244415000000000E-01
   0.125732000000000E-01,  -2.862549000000000E-01
  -1.531372000000000E-01,  -2.414703000000000E-01
  -2.601318000000000E-01,  -1.098938000000000E-01
  -2.693176000000000E-01,   0.591125000000000E-01
  -1.772461000000000E-01,   2.001801000000000E-01
  -1.971436000000000E-02,   2.583618000000000E-01
   1.401978000000000E-01,   2.095032000000000E-01
   2.377930000000000E-01,   0.760498000000000E-01
   2.353973000000000E-01,  -8.810425000000000E-02
   1.346436000000000E-01,  -2.169495000000000E-01
  -2.194214000000000E-02,  -2.572327000000000E-01
  -1.676788000000000E-01,  -1.956635000000000E-01
  -2.448120000000000E-01,  -6.195068000000000E-02
  -2.282715000000000E-01,   0.868835000000000E-01
  -1.299286000000000E-01,   1.958313000000000E-01
   0.132904000000000E-01,   2.269592000000000E-01
   1.500854000000000E-01,   1.662292000000000E-01
   2.232971000000000E-01,   0.305634000000000E-01
   1.941986000000000E-01,  -1.258240000000000E-01
   0.694122000000000E-01,  -2.285919000000000E-01
  -9.109497000000000E-02,  -2.274628000000000E-01
  -2.125549000000000E-01,  -1.276550000000000E-01
  -2.474976000000000E-01,   0.217590000000000E-01
  -1.875305000000000E-01,   1.618652000000000E-01
  -5.528259000000000E-02,   2.405701000000000E-01
   1.029663000000000E-01,   2.253418000000000E-01
   2.247314000000000E-01,   1.140747000000000E-01
   2.527771000000000E-01,  -5.520630000000000E-02
   1.694336000000000E-01,  -2.084656000000000E-01
   0.080261000000000E-01,  -2.793884000000000E-01
  -1.643829000000000E-01,  -2.385864000000000E-01
  -2.796936000000000E-01,  -1.028748000000000E-01
  -2.921753000000000E-01,   0.761108000000000E-01
  -1.956177000000000E-01,   2.302246000000000E-01
  -2.429199000000000E-02,   2.975159000000000E-01
   1.549377000000000E-01,   2.486572000000000E-01
   2.698364000000000E-01,   1.023254000000000E-01
   2.754211000000000E-01,  -8.349609000000000E-02
   1.709595000000000E-01,  -2.364044000000000E-01
  -3.479004000000000E-03,  -2.997437000000000E-01
  -1.828613000000000E-01,  -2.482300000000000E-01
  -2.978210000000000E-01,  -1.008911000000000E-01
  -3.031006000000000E-01,   0.857849000000000E-01
  -1.972046000000000E-01,   2.373657000000000E-01
  -2.441406000000000E-02,   2.958679000000000E-01
   1.466980000000000E-01,   2.410431000000000E-01
   2.504883000000000E-01,   0.981445000000000E-01
   2.484283000000000E-01,  -7.727051000000000E-02
   1.433258000000000E-01,  -2.157593000000000E-01
  -2.365112000000000E-02,  -2.622070000000000E-01
  -1.836700000000000E-01,  -1.985016000000000E-01
  -2.702942000000000E-01,  -5.136108000000000E-02
  -2.494354000000000E-01,   1.148071000000000E-01
  -1.343994000000000E-01,   2.322083000000000E-01
   0.245056000000000E-01,   2.554016000000000E-01
   1.634827000000000E-01,   1.789246000000000E-01
   2.278900000000000E-01,   0.346069000000000E-01
   1.904755000000000E-01,  -1.180267000000000E-01
   0.672150000000000E-01,  -2.162018000000000E-01
  -9.005737000000000E-02,  -2.180023000000000E-01
  -2.153778000000000E-01,  -1.230316000000000E-01
  -2.566833000000000E-01,   0.286255000000000E-01
  -1.967773000000000E-01,   1.746216000000000E-01
  -5.990601000000000E-02,   2.555237000000000E-01
   1.005859000000000E-01,   2.356567000000000E-01
   2.171021000000000E-01,   1.181488000000000E-01
   2.352142000000000E-01,  -4.804993000000000E-02
   1.451263000000000E-01,  -1.904907000000000E-01
  -1.362610000000000E-02,  -2.465820000000000E-01
  -1.729279000000000E-01,  -1.958008000000000E-01
  -2.702942000000000E-01,  -5.966187000000000E-02
  -2.690125000000000E-01,   1.085815000000000E-01
  -1.677246000000000E-01,   2.459869000000000E-01
  -7.019043000000000E-04,   2.987976000000000E-01
   1.690521000000000E-01,   2.405548000000000E-01
   2.718201000000000E-01,   0.858154000000000E-01
   2.579346000000000E-01,  -1.013489000000000E-01
   1.311188000000000E-01,  -2.422485000000000E-01
  -5.383301000000000E-02,  -2.756042000000000E-01
  -2.198334000000000E-01,  -1.923981000000000E-01
  -3.024902000000000E-01,  -2.935791000000000E-02
  -2.765198000000000E-01,   1.485596000000000E-01
  -1.531982000000000E-01,   2.791443000000000E-01
   0.240479000000000E-01,   3.164673000000000E-01
   1.931152000000000E-01,   2.428894000000000E-01
   2.890930000000000E-01,   0.811462000000000E-01
   2.685242000000000E-01,  -1.095581000000000E-01
   1.366577000000000E-01,  -2.487793000000000E-01
  -5.093384000000000E-02,  -2.798462000000000E-01
  -2.157745000000000E-01,  -1.935730000000000E-01
  -2.948303000000000E-01,  -3.094482000000000E-02
  -2.633057000000000E-01,   1.416931000000000E-01
  -1.408081000000000E-01,   2.614441000000000E-01
   0.268250000000000E-01,   2.864685000000000E-01
   1.756134000000000E-01,   2.091064000000000E-01
   2.489929000000000E-01,   0.569000000000000E-01
   2.146301000000000E-01,  -1.095428000000000E-01
   0.847626000000000E-01,  -2.185974000000000E-01
  -8.496094000000000E-02,  -2.235107000000000E-01
  -2.176819000000000E-01,  -1.227570000000000E-01
  -2.583313000000000E-01,   0.344543000000000E-01
  -1.966553000000000E-01,   1.788940000000000E-01
  -6.491089000000000E-02,   2.558594000000000E-01
   0.852814000000000E-01,   2.406921000000000E-01
   1.979370000000000E-01,   1.390228000000000E-01
   2.274780000000000E-01,  -1.434326000000000E-02
   1.522980000000000E-01,  -1.576080000000000E-01
  -6.408691000000000E-04,  -2.214203000000000E-01
  -1.608582000000000E-01,  -1.723328000000000E-01
  -2.530823000000000E-01,  -3.353882000000000E-02
  -2.407532000000000E-01,   1.308136000000000E-01
  -1.326294000000000E-01,   2.551270000000000E-01
   0.297546000000000E-01,   2.916565000000000E-01
   1.855316000000000E-01,   2.238617000000000E-01
   2.719727000000000E-01,   0.730591000000000E-01
   2.501221000000000E-01,  -1.029968000000000E-01
   1.250763000000000E-01,  -2.318420000000000E-01
  -5.371094000000000E-02,  -2.601624000000000E-01
  -2.146759000000000E-01,  -1.758118000000000E-01
  -2.943726000000000E-01,  -1.144409000000000E-02
  -2.613220000000000E-01,   1.689758000000000E-01
  -1.259766000000000E-01,   2.958374000000000E-01
   0.572815000000000E-01,   3.184509000000000E-01
   2.187042000000000E-01,   2.287750000000000E-01
   2.964783000000000E-01,   0.613708000000000E-01
   2.612000000000000E-01,  -1.194763000000000E-01
   1.259918000000000E-01,  -2.455902000000000E-01
  -5.902100000000000E-02,  -2.677612000000000E-01
  -2.209015000000000E-01,  -1.739044000000000E-01
  -2.933044000000000E-01,  -1.586914000000000E-03
  -2.491608000000000E-01,   1.773376000000000E-01
  -1.087952000000000E-01,   2.929382000000000E-01
   0.694885000000000E-01,   3.041382000000000E-01
   2.198029000000000E-01,   2.101288000000000E-01
   2.859802000000000E-01,   0.470581000000000E-01
   2.426147000000000E-01,  -1.250153000000000E-01
   1.042023000000000E-01,  -2.355042000000000E-01
  -7.162476000000000E-02,  -2.383881000000000E-01
  -2.100677000000000E-01,  -1.349487000000000E-01
  -2.554932000000000E-01,   0.278931000000000E-01
  -1.943970000000000E-01,   1.816406000000000E-01
  -5.740356000000000E-02,   2.661743000000000E-01
   1.026001000000000E-01,   2.522888000000000E-01
   2.216949000000000E-01,   1.453857000000000E-01
   2.517700000000000E-01,  -1.257324000000000E-02
   1.771393000000000E-01,  -1.563416000000000E-01
   0.294342000000000E-01,  -2.216034000000000E-01
  -1.259613000000000E-01,  -1.803589000000000E-01
  -2.208557000000000E-01,  -5.335999000000000E-02
  -2.172699000000000E-01,   1.043854000000000E-01
  -1.186829000000000E-01,   2.260437000000000E-01
   0.346069000000000E-01,   2.635498000000000E-01
   1.812897000000000E-01,   1.986694000000000E-01
   2.586670000000000E-01,   0.544739000000000E-01
   2.288208000000000E-01,  -1.092529000000000E-01
   1.021271000000000E-01,  -2.204742000000000E-01
  -6.733704000000000E-02,  -2.294464000000000E-01
  -2.067871000000000E-01,  -1.313324000000000E-01
  -2.585754000000000E-01,   0.316772000000000E-01
  -2.015991000000000E-01,   1.940155000000000E-01
  -5.804443000000000E-02,   2.917175000000000E-01
   1.151428000000000E-01,   2.850037000000000E-01
   2.537537000000000E-01,   1.776123000000000E-01
   3.037109000000000E-01,   0.084229000000000E-01
   2.453308000000000E-01,  -1.601868000000000E-01
   0.962524000000000E-01,  -2.642517000000000E-01
  -8.816528000000000E-02,  -2.595215000000000E-01
  -2.350311000000000E-01,  -1.429596000000000E-01
  -2.816467000000000E-01,   0.385437000000000E-01
  -2.109528000000000E-01,   2.102966000000000E-01
  -5.541992000000000E-02,   3.060303000000000E-01
   1.246338000000000E-01,   2.940674000000000E-01
   2.652893000000000E-01,   1.824646000000000E-01
   3.173523000000000E-01,   0.095215000000000E-01
   2.575073000000000E-01,  -1.643066000000000E-01
   1.045837000000000E-01,  -2.697144000000000E-01
  -8.102417000000000E-02,  -2.623291000000000E-01
  -2.228241000000000E-01,  -1.448975000000000E-01
  -2.646179000000000E-01,   0.301819000000000E-01
