  -9.141541000000000E-02,  -7.796478000000000E-02
  -1.265106000000000E-01,   0.028534000000000E-01
  -9.815979000000000E-02,   8.367920000000000E-02
  -2.877045000000000E-02,   1.245346000000000E-01
   4.516602000000000E-02,   1.155090000000000E-01
   9.741974000000000E-02,   7.036591000000000E-02
   1.175537000000000E-01,   0.665283000000000E-02
   1.022263000000000E-01,  -6.064606000000000E-02
   4.816437000000000E-02,  -1.134033000000000E-01
  -3.526306000000000E-02,  -1.251678000000000E-01
  -1.142273000000000E-01,  -7.733917000000000E-02
  -1.427765000000000E-01,   0.164032000000000E-01
  -9.999084000000000E-02,   1.050034000000000E-01
  -1.296997000000000E-02,   1.388702000000000E-01
   6.534576000000000E-02,   1.098099000000000E-01
   1.017227000000000E-01,   4.975128000000000E-02
   1.002350000000000E-01,  -7.949829000000000E-03
   7.741547000000000E-02,  -5.318451000000000E-02
   3.624725000000000E-02,  -8.615875000000000E-02
  -2.423859000000000E-02,  -9.403992000000000E-02
  -8.386993000000000E-02,  -5.900574000000000E-02
  -1.069260000000000E-01,   1.165009000000000E-02
  -7.577515000000000E-02,   8.022308000000000E-02
  -9.155273000000000E-03,   1.090240000000000E-01
   5.534363000000000E-02,   8.875275000000000E-02
   8.889771000000000E-02,   3.800201000000000E-02
   8.644104000000000E-02,  -1.633453000000000E-02
   5.818939000000000E-02,  -5.657959000000000E-02
   1.538086000000000E-02,  -7.756042000000000E-02
  -3.673553000000000E-02,  -7.499695000000000E-02
  -8.615875000000000E-02,  -3.908539000000000E-02
  -1.065369000000000E-01,   3.135681000000000E-02
  -6.840515000000000E-02,   1.078873000000000E-01
   0.201569000000000E-01,   1.400604000000000E-01
   1.109390000000000E-01,   9.909821000000000E-02
   1.482697000000000E-01,   0.054779000000000E-01
   1.138992000000000E-01,  -8.457184000000000E-02
   0.362701000000000E-01,  -1.290894000000000E-01
  -4.530334000000000E-02,  -1.223068000000000E-01
  -1.119385000000000E-01,  -7.610321000000000E-02
  -1.491241000000000E-01,   0.045776000000000E-01
  -1.314240000000000E-01,   1.052856000000000E-01
  -4.420471000000000E-02,   1.818085000000000E-01
   0.821075000000000E-01,   1.840363000000000E-01
   1.831207000000000E-01,   0.986176000000000E-01
   2.035370000000000E-01,  -3.329468000000000E-02
   1.358643000000000E-01,  -1.448822000000000E-01
   0.190125000000000E-01,  -1.878357000000000E-01
  -9.523010000000000E-02,  -1.541595000000000E-01
  -1.660767000000000E-01,  -6.361389000000000E-02
  -1.726685000000000E-01,   0.495148000000000E-01
  -1.126862000000000E-01,   1.466827000000000E-01
  -6.576538000000000E-03,   1.913910000000000E-01
   1.077576000000000E-01,   1.639862000000000E-01
   1.836243000000000E-01,   0.731506000000000E-01
   1.893768000000000E-01,  -4.681396000000000E-02
   1.195374000000000E-01,  -1.450043000000000E-01
   0.045013000000000E-01,  -1.776886000000000E-01
  -1.024780000000000E-01,  -1.318054000000000E-01
  -1.537476000000000E-01,  -3.390503000000000E-02
  -1.352844000000000E-01,   0.673065000000000E-01
  -6.640625000000000E-02,   1.326294000000000E-01
   0.213470000000000E-01,   1.475372000000000E-01
   1.007309000000000E-01,   1.136322000000000E-01
   1.501007000000000E-01,   0.406494000000000E-01
   1.491241000000000E-01,  -5.215454000000000E-02
   0.891418000000000E-01,  -1.308746000000000E-01
  -1.216125000000000E-02,  -1.557159000000000E-01
  -1.092300000000000E-01,  -1.075439000000000E-01
  -1.510315000000000E-01,  -7.476807000000000E-03
  -1.189423000000000E-01,   9.325409000000000E-02
  -3.514099000000000E-02,   1.481323000000000E-01
   0.586853000000000E-01,   1.429291000000000E-01
   1.310120000000000E-01,   0.891113000000000E-01
   1.643829000000000E-01,   0.034637000000000E-01
   1.438599000000000E-01,  -9.446716000000000E-02
   0.599976000000000E-01,  -1.694794000000000E-01
  -6.529236000000000E-02,  -1.746216000000000E-01
  -1.706543000000000E-01,  -8.885193000000000E-02
  -1.929626000000000E-01,   0.498810000000000E-01
  -1.184235000000000E-01,   1.694336000000000E-01
   0.121155000000000E-01,   2.131958000000000E-01
   1.373596000000000E-01,   1.700897000000000E-01
   2.121735000000000E-01,   0.656281000000000E-01
   2.159424000000000E-01,  -6.231689000000000E-02
   1.455688000000000E-01,  -1.734009000000000E-01
   0.183563000000000E-01,  -2.248383000000000E-01
  -1.211853000000000E-01,  -1.892242000000000E-01
  -2.131348000000000E-01,  -7.153320000000000E-02
  -2.123108000000000E-01,   0.823822000000000E-01
  -1.140747000000000E-01,   2.029877000000000E-01
   0.375519000000000E-01,   2.355957000000000E-01
   1.743622000000000E-01,   1.675873000000000E-01
   2.371063000000000E-01,   0.339661000000000E-01
   2.083282000000000E-01,  -1.037292000000000E-01
   1.087341000000000E-01,  -1.936035000000000E-01
  -1.828003000000000E-02,  -2.094116000000000E-01
  -1.301575000000000E-01,  -1.532288000000000E-01
  -1.920013000000000E-01,  -4.234314000000000E-02
  -1.753235000000000E-01,   0.876160000000000E-01
  -7.954407000000000E-02,   1.822662000000000E-01
   0.554047000000000E-01,   1.943665000000000E-01
   1.648560000000000E-01,   1.185455000000000E-01
   1.994781000000000E-01,  -4.074097000000000E-03
   1.523590000000000E-01,  -1.148071000000000E-01
   0.552368000000000E-01,  -1.703644000000000E-01
  -4.893494000000000E-02,  -1.601868000000000E-01
  -1.273499000000000E-01,  -9.652710000000000E-02
  -1.579742000000000E-01,   0.012360000000000E-01
  -1.252136000000000E-01,   1.028137000000000E-01
  -3.298950000000000E-02,   1.677246000000000E-01
   0.856476000000000E-01,   1.608429000000000E-01
   1.761627000000000E-01,   0.769806000000000E-01
   1.923676000000000E-01,  -4.913330000000000E-02
   1.226654000000000E-01,  -1.573181000000000E-01
   0.005951000000000E-01,  -1.954803000000000E-01
  -1.158752000000000E-01,  -1.499176000000000E-01
  -1.796112000000000E-01,  -4.605103000000000E-02
  -1.728210000000000E-01,   0.741119000000000E-01
  -9.706116000000000E-02,   1.726227000000000E-01
   0.288544000000000E-01,   2.122955000000000E-01
   1.639404000000000E-01,   1.655121000000000E-01
   2.463837000000000E-01,   0.368042000000000E-01
   2.285461000000000E-01,  -1.236877000000000E-01
   1.096497000000000E-01,  -2.397308000000000E-01
  -5.648804000000000E-02,  -2.545166000000000E-01
  -1.944733000000000E-01,  -1.644287000000000E-01
  -2.488708000000000E-01,  -1.289368000000000E-02
  -2.057190000000000E-01,   1.386261000000000E-01
  -8.415222000000000E-02,   2.373505000000000E-01
   0.735016000000000E-01,   2.494965000000000E-01
   2.124176000000000E-01,   1.666107000000000E-01
   2.780151000000000E-01,   0.145874000000000E-01
   2.395782000000000E-01,  -1.507263000000000E-01
   1.072083000000000E-01,  -2.617188000000000E-01
  -6.686401000000000E-02,  -2.690735000000000E-01
  -2.090912000000000E-01,  -1.670074000000000E-01
  -2.564697000000000E-01,  -1.190186000000000E-03
  -1.924744000000000E-01,   1.526489000000000E-01
  -5.465698000000000E-02,   2.314758000000000E-01
   0.947571000000000E-01,   2.144775000000000E-01
   2.030334000000000E-01,   1.184692000000000E-01
   2.376404000000000E-01,  -1.914978000000000E-02
   1.862640000000000E-01,  -1.534729000000000E-01
   0.626068000000000E-01,  -2.334900000000000E-01
  -8.786011000000000E-02,  -2.205353000000000E-01
  -1.968384000000000E-01,  -1.152954000000000E-01
  -2.137756000000000E-01,   0.324402000000000E-01
  -1.372223000000000E-01,   1.528778000000000E-01
  -9.963989000000000E-03,   1.987000000000000E-01
   1.136322000000000E-01,   1.613617000000000E-01
   1.910706000000000E-01,   0.627136000000000E-01
   1.972504000000000E-01,  -6.311035000000000E-02
   1.276550000000000E-01,  -1.715698000000000E-01
   0.012665000000000E-01,  -2.186737000000000E-01
  -1.334381000000000E-01,  -1.759338000000000E-01
  -2.144470000000000E-01,  -5.313110000000000E-02
  -1.978149000000000E-01,   0.967255000000000E-01
  -8.821106000000000E-02,   2.022400000000000E-01
   0.624390000000000E-01,   2.153625000000000E-01
   1.870422000000000E-01,   1.336823000000000E-01
   2.371063000000000E-01,  -3.631592000000000E-03
   1.983185000000000E-01,  -1.437531000000000E-01
   0.855255000000000E-01,  -2.380371000000000E-01
  -6.762695000000000E-02,  -2.510986000000000E-01
  -2.055206000000000E-01,  -1.666107000000000E-01
  -2.664185000000000E-01,  -7.537842000000000E-03
  -2.129669000000000E-01,   1.607208000000000E-01
  -6.350708000000000E-02,   2.592773000000000E-01
   1.139374000000000E-01,   2.440033000000000E-01
   2.430878000000000E-01,   1.262360000000000E-01
   2.768860000000000E-01,  -4.171753000000000E-02
   2.086334000000000E-01,  -1.957703000000000E-01
   0.652161000000000E-01,  -2.841492000000000E-01
  -1.055603000000000E-01,  -2.745056000000000E-01
  -2.425385000000000E-01,  -1.656799000000000E-01
  -2.884216000000000E-01,   0.074768000000000E-01
  -2.192993000000000E-01,   1.748962000000000E-01
  -6.210327000000000E-02,   2.649536000000000E-01
   1.130524000000000E-01,   2.402649000000000E-01
   2.345734000000000E-01,   1.181793000000000E-01
   2.582703000000000E-01,  -4.681396000000000E-02
   1.829376000000000E-01,  -1.906738000000000E-01
   0.399170000000000E-01,  -2.614746000000000E-01
  -1.153564000000000E-01,  -2.361145000000000E-01
  -2.248383000000000E-01,  -1.237488000000000E-01
  -2.455750000000000E-01,   0.308990000000000E-01
  -1.679382000000000E-01,   1.646576000000000E-01
  -2.752686000000000E-02,   2.221527000000000E-01
   1.152191000000000E-01,   1.819153000000000E-01
   2.018280000000000E-01,   0.667725000000000E-01
   2.002716000000000E-01,  -7.472229000000000E-02
   1.144714000000000E-01,  -1.836700000000000E-01
  -1.777649000000000E-02,  -2.182922000000000E-01
  -1.436768000000000E-01,  -1.661682000000000E-01
  -2.119598000000000E-01,  -4.846191000000000E-02
  -1.947479000000000E-01,   0.871277000000000E-01
  -9.832764000000000E-02,   1.853180000000000E-01
   0.399628000000000E-01,   2.054596000000000E-01
   1.645050000000000E-01,   1.357117000000000E-01
   2.214813000000000E-01,   0.013580000000000E-01
   1.829987000000000E-01,  -1.433105000000000E-01
   0.603180000000000E-01,  -2.348022000000000E-01
  -9.346008000000000E-02,  -2.306824000000000E-01
  -2.140350000000000E-01,  -1.331940000000000E-01
  -2.518921000000000E-01,   0.180054000000000E-01
  -1.919098000000000E-01,   1.628723000000000E-01
  -5.540466000000000E-02,   2.454529000000000E-01
   1.074524000000000E-01,   2.310028000000000E-01
   2.316742000000000E-01,   1.190338000000000E-01
   2.629700000000000E-01,  -4.879761000000000E-02
   1.860809000000000E-01,  -2.021332000000000E-01
   0.314941000000000E-01,  -2.784119000000000E-01
  -1.372223000000000E-01,  -2.472992000000000E-01
  -2.538452000000000E-01,  -1.234436000000000E-01
  -2.770386000000000E-01,   0.462341000000000E-01
  -1.954346000000000E-01,   1.988068000000000E-01
  -3.637695000000000E-02,   2.748108000000000E-01
   1.393280000000000E-01,   2.395782000000000E-01
   2.586975000000000E-01,   1.042480000000000E-01
   2.714844000000000E-01,  -7.522583000000000E-02
   1.752930000000000E-01,  -2.243652000000000E-01
   0.121765000000000E-01,  -2.863770000000000E-01
  -1.532135000000000E-01,  -2.412872000000000E-01
  -2.603149000000000E-01,  -1.097412000000000E-01
  -2.695923000000000E-01,   0.592651000000000E-01
  -1.773376000000000E-01,   1.996918000000000E-01
  -1.974487000000000E-02,   2.580261000000000E-01
   1.402893000000000E-01,   2.096558000000000E-01
   2.378693000000000E-01,   0.761108000000000E-01
   2.355042000000000E-01,  -8.848572000000000E-02
   1.345367000000000E-01,  -2.170563000000000E-01
  -2.203369000000000E-02,  -2.575378000000000E-01
  -1.676331000000000E-01,  -1.954651000000000E-01
  -2.446136000000000E-01,  -6.176758000000000E-02
  -2.281494000000000E-01,   0.867310000000000E-01
  -1.297302000000000E-01,   1.959686000000000E-01
   0.134430000000000E-01,   2.269287000000000E-01
   1.497803000000000E-01,   1.662140000000000E-01
   2.234192000000000E-01,   0.302887000000000E-01
   1.940308000000000E-01,  -1.258545000000000E-01
   0.692902000000000E-01,  -2.286072000000000E-01
  -9.127808000000000E-02,  -2.274933000000000E-01
  -2.129974000000000E-01,  -1.276703000000000E-01
  -2.475739000000000E-01,   0.217285000000000E-01
  -1.870117000000000E-01,   1.616364000000000E-01
  -5.509949000000000E-02,   2.405548000000000E-01
   1.029205000000000E-01,   2.253876000000000E-01
   2.247620000000000E-01,   1.139984000000000E-01
   2.528687000000000E-01,  -5.511475000000000E-02
   1.693268000000000E-01,  -2.086334000000000E-01
   0.076904000000000E-01,  -2.796021000000000E-01
  -1.647034000000000E-01,  -2.384644000000000E-01
  -2.797241000000000E-01,  -1.025391000000000E-01
  -2.922668000000000E-01,   0.764160000000000E-01
  -1.956482000000000E-01,   2.302551000000000E-01
  -2.407837000000000E-02,   2.976685000000000E-01
   1.551361000000000E-01,   2.486877000000000E-01
   2.697754000000000E-01,   1.021729000000000E-01
   2.753601000000000E-01,  -8.319092000000000E-02
   1.709137000000000E-01,  -2.365112000000000E-01
  -3.540039000000000E-03,  -2.999268000000000E-01
  -1.830597000000000E-01,  -2.487030000000000E-01
  -2.980957000000000E-01,  -1.007080000000000E-01
  -3.033142000000000E-01,   0.858765000000000E-01
  -1.972504000000000E-01,   2.377625000000000E-01
  -2.395630000000000E-02,   2.957764000000000E-01
   1.471405000000000E-01,   2.409210000000000E-01
   2.505798000000000E-01,   0.979614000000000E-01
   2.484589000000000E-01,  -7.728577000000000E-02
   1.430359000000000E-01,  -2.156219000000000E-01
  -2.392578000000000E-02,  -2.625732000000000E-01
  -1.840210000000000E-01,  -1.984253000000000E-01
  -2.705383000000000E-01,  -5.108643000000000E-02
  -2.497253000000000E-01,   1.148987000000000E-01
  -1.344604000000000E-01,   2.322235000000000E-01
   0.247498000000000E-01,   2.554321000000000E-01
   1.638947000000000E-01,   1.790619000000000E-01
   2.279510000000000E-01,   0.344849000000000E-01
   1.908264000000000E-01,  -1.184692000000000E-01
   0.672455000000000E-01,  -2.165070000000000E-01
  -8.995056000000000E-02,  -2.182922000000000E-01
  -2.154694000000000E-01,  -1.231079000000000E-01
  -2.568359000000000E-01,   0.285339000000000E-01
  -1.970062000000000E-01,   1.748962000000000E-01
  -5.978394000000000E-02,   2.553406000000000E-01
   1.010132000000000E-01,   2.357483000000000E-01
   2.171631000000000E-01,   1.183777000000000E-01
   2.351685000000000E-01,  -4.811096000000000E-02
   1.449738000000000E-01,  -1.905212000000000E-01
  -1.353455000000000E-02,  -2.468719000000000E-01
  -1.730347000000000E-01,  -1.957703000000000E-01
  -2.704163000000000E-01,  -5.963135000000000E-02
  -2.689819000000000E-01,   1.088562000000000E-01
  -1.677246000000000E-01,   2.460938000000000E-01
  -5.493164000000000E-04,   2.989197000000000E-01
   1.692047000000000E-01,   2.401276000000000E-01
   2.717896000000000E-01,   0.858459000000000E-01
   2.579956000000000E-01,  -1.015015000000000E-01
   1.311646000000000E-01,  -2.421875000000000E-01
  -5.432129000000000E-02,  -2.757263000000000E-01
  -2.200470000000000E-01,  -1.923676000000000E-01
  -3.027649000000000E-01,  -2.905273000000000E-02
  -2.765503000000000E-01,   1.486206000000000E-01
  -1.532288000000000E-01,   2.792053000000000E-01
   0.239563000000000E-01,   3.164368000000000E-01
   1.935883000000000E-01,   2.431946000000000E-01
   2.890930000000000E-01,   0.809937000000000E-01
   2.686157000000000E-01,  -1.098022000000000E-01
   1.365204000000000E-01,  -2.491760000000000E-01
  -5.145264000000000E-02,  -2.801514000000000E-01
  -2.161560000000000E-01,  -1.937561000000000E-01
  -2.950439000000000E-01,  -3.121948000000000E-02
  -2.631531000000000E-01,   1.430664000000000E-01
  -1.408691000000000E-01,   2.613831000000000E-01
   0.267639000000000E-01,   2.865295000000000E-01
   1.752472000000000E-01,   2.086029000000000E-01
   2.491608000000000E-01,   0.576172000000000E-01
   2.154388000000000E-01,  -1.095886000000000E-01
   0.845032000000000E-01,  -2.188263000000000E-01
  -8.502197000000000E-02,  -2.233429000000000E-01
  -2.178345000000000E-01,  -1.226044000000000E-01
  -2.583618000000000E-01,   0.343018000000000E-01
  -1.965179000000000E-01,   1.788177000000000E-01
  -6.500244000000000E-02,   2.559509000000000E-01
   0.852814000000000E-01,   2.407532000000000E-01
   1.981354000000000E-01,   1.389313000000000E-01
   2.275238000000000E-01,  -1.448059000000000E-02
   1.518555000000000E-01,  -1.575928000000000E-01
  -6.561279000000000E-04,  -2.213135000000000E-01
  -1.607208000000000E-01,  -1.721649000000000E-01
  -2.526245000000000E-01,  -3.332520000000000E-02
  -2.409821000000000E-01,   1.309814000000000E-01
  -1.325684000000000E-01,   2.552185000000000E-01
   0.301819000000000E-01,   2.918701000000000E-01
   1.856689000000000E-01,   2.236938000000000E-01
   2.718506000000000E-01,   0.727234000000000E-01
   2.503662000000000E-01,  -1.030579000000000E-01
   1.246033000000000E-01,  -2.319794000000000E-01
  -5.371094000000000E-02,  -2.602844000000000E-01
  -2.146912000000000E-01,  -1.758881000000000E-01
  -2.943726000000000E-01,  -1.129150000000000E-02
  -2.611084000000000E-01,   1.692200000000000E-01
  -1.265259000000000E-01,   2.962036000000000E-01
   0.573425000000000E-01,   3.183899000000000E-01
   2.186584000000000E-01,   2.282715000000000E-01
   2.957764000000000E-01,   0.615234000000000E-01
   2.612000000000000E-01,  -1.197510000000000E-01
   1.256866000000000E-01,  -2.458038000000000E-01
  -5.895996000000000E-02,  -2.675781000000000E-01
  -2.209930000000000E-01,  -1.738129000000000E-01
  -2.930603000000000E-01,  -1.800537000000000E-03
  -2.486572000000000E-01,   1.768799000000000E-01
  -1.087341000000000E-01,   2.927246000000000E-01
   0.694275000000000E-01,   3.040466000000000E-01
   2.193298000000000E-01,   2.104340000000000E-01
   2.861023000000000E-01,   0.465698000000000E-01
   2.423096000000000E-01,  -1.246033000000000E-01
   1.043549000000000E-01,  -2.356415000000000E-01
  -7.212830000000000E-02,  -2.384949000000000E-01
  -2.100525000000000E-01,  -1.349335000000000E-01
  -2.553711000000000E-01,   0.280762000000000E-01
  -1.951294000000000E-01,   1.815796000000000E-01
  -5.648804000000000E-02,   2.666626000000000E-01
   1.029663000000000E-01,   2.525330000000000E-01
   2.216034000000000E-01,   1.453705000000000E-01
   2.517395000000000E-01,  -1.263428000000000E-02
   1.766663000000000E-01,  -1.561737000000000E-01
   0.291290000000000E-01,  -2.216644000000000E-01
  -1.259308000000000E-01,  -1.804352000000000E-01
  -2.207947000000000E-01,  -5.308533000000000E-02
  -2.168274000000000E-01,   1.043854000000000E-01
  -1.185303000000000E-01,   2.264404000000000E-01
   0.346985000000000E-01,   2.635498000000000E-01
   1.813507000000000E-01,   1.989441000000000E-01
   2.586060000000000E-01,   0.546265000000000E-01
   2.292633000000000E-01,  -1.094208000000000E-01
   1.022949000000000E-01,  -2.205658000000000E-01
  -6.712341000000000E-02,  -2.292786000000000E-01
  -2.070313000000000E-01,  -1.310425000000000E-01
  -2.586670000000000E-01,   0.318604000000000E-01
  -2.011261000000000E-01,   1.943054000000000E-01
  -5.813599000000000E-02,   2.914429000000000E-01
   1.160583000000000E-01,   2.847290000000000E-01
   2.538452000000000E-01,   1.776428000000000E-01
   3.039246000000000E-01,   0.083313000000000E-01
   2.451935000000000E-01,  -1.603851000000000E-01
   0.964355000000000E-01,  -2.642517000000000E-01
  -8.813477000000000E-02,  -2.590637000000000E-01
  -2.346039000000000E-01,  -1.428223000000000E-01
  -2.815552000000000E-01,   0.386963000000000E-01
  -2.107391000000000E-01,   2.099609000000000E-01
  -5.514526000000000E-02,   3.059082000000000E-01
   1.249084000000000E-01,   2.946167000000000E-01
   2.652588000000000E-01,   1.824951000000000E-01
   3.171692000000000E-01,   0.093384000000000E-01
   2.572021000000000E-01,  -1.642761000000000E-01
   1.049805000000000E-01,  -2.698669000000000E-01
  -8.096313000000000E-02,  -2.617798000000000E-01
  -2.227936000000000E-01,  -1.445618000000000E-01
  -2.643433000000000E-01,   0.304565000000000E-01
